**********************************
LOGGING TIME: 20201103_145845
CLIENT IP: 192.168.137.1
USERNAME: izazuhur
OS: Windows 10
*********************Neutral database**********************************
MM, 226, 59, 1606317768927
MM, 230, 48, 15
MM, 236, 36, 0
MM, 244, 26, 16
MM, 250, 15, 0
MM, 258, 3, 16
MM, 115, 30, 400
MM, 111, 24, 16
MM, 108, 17, 0
MM, 107, 14, 15
MM, 102, 8, 7
MM, 99, 5, 0
MM, 96, 0, 16
MM, 79, 26, 47
MM, 77, 23, 15
MM, 76, 22, 0
MM, 75, 19, 16
MM, 74, 18, 6
MM, 74, 16, 0
MM, 73, 14, 16
MM, 72, 13, 0
MM, 72, 12, 16
MM, 70, 11, 0
MM, 69, 11, 15
MM, 69, 10, 0
MM, 68, 9, 85
MM, 68, 8, 0
MM, 67, 8, 15
MM, 78, 13, 10132
MM, 97, 17, 16
MM, 119, 19, 0
MM, 145, 19, 16
MM, 174, 19, 6
MM, 13, 18, 0
MM, 37, 18, 16
MM, 49, 16, 0
MM, 25, 17, 447
MM, 212, 61, -185
MM, 25, 15, 185
MM, 25, 12, 15
MM, 25, 11, 0
MM, 24, 11, 38
MM, 24, 12, 31
MM, 24, 15, 0
MM, 23, 17, 16
MM, 23, 20, 0
MM, 23, 24, 15
MM, 21, 29, 0
MM, 1, 3, 38
MM, 1, 16, 0
MM, 1, 30, 16
MM, 42, 29, -1299560987
MM, 42, 28, 116
MM, 44, 27, 16
MM, 47, 25, 0
MM, 50, 24, 15
MM, 52, 23, 7
MM, 55, 23, 0
MM, 58, 23, 16
MM, 58, 22, 0
MM, 59, 22, 15
MC, 1, 270
MM, 63, 20, 9355
MM, 65, 17, 15
MM, 65, 16, 0
MM, 64, 16, 31
MM, 52, 14, 0
MM, 47, 14, 16
MM, 47, 13, 22
MM, 49, 13, 15
MM, 50, 13, 0
MM, 52, 13, 16
MM, 53, 13, 0
MM, 56, 13, 16
MM, 60, 13, 0
MM, 70, 13, 15
MM, 86, 13, 0
MM, 107, 13, 16
MM, 136, 13, 6
MM, 173, 13, 0
MM, 41, 12, 16
MC, 1, 9500
MC, 1, 1224
MC, 1, 1341
MC, 1, 1505
MM, 220, 3, 15307
MM, 218, 14, 5
MM, 215, 23, 9
MM, 211, 29, 8
MM, 211, 38, 8
MM, 207, 42, 7
MM, 207, 47, 8
MM, 204, 49, 8
MM, 204, 51, 10
MM, 204, 52, 7
MM, 204, 50, 79
MM, 203, 49, 17
MM, 201, 48, 16
MM, 201, 47, 15
MM, 201, 46, 8
MM, 201, 45, 8
MM, 202, 45, 9
MM, 202, 44, 8
MM, 202, 43, 16
MC, 1, 168
MM, 202, 45, 88
MM, 202, 46, 8
MM, 202, 49, 8
MM, 202, 50, 8
MM, 202, 52, 8
MM, 202, 53, 8
MM, 202, 56, 7
MM, 202, 58, 9
MM, 202, 59, 8
MM, 202, 61, 8
MM, 202, 62, 7
MM, 19, 0, 657
MM, 24, 3, 7
MM, 28, 5, 25
MM, 33, 6, 1
MM, 37, 9, 2
MM, 42, 12, 4
MM, 3, 19, 16
MM, 7, 23, 8
MM, 12, 28, 8
MM, 15, 1, 24
MM, 24, 7, 8
MM, 29, 10, 9
MM, 37, 15, 8
MM, 42, 19, 8
MM, 5, 26, 15
MM, 8, 26, 8
MM, 10, 27, 8
MM, 13, 29, 8
MM, 43, 0, 153
MM, 2, 6, 23
MM, 3, 7, 8
MM, 6, 9, 8
MM, 8, 12, 8
MM, 9, 13, 9
MM, 13, 16, 7
MM, 16, 19, 8
MM, 19, 20, 8
MM, 23, 20, 9
MM, 26, 22, 7
MM, 29, 22, 8
MM, 33, 23, 8
MM, 36, 23, 8
MM, 40, 23, 9
MM, 42, 23, 8
MM, 43, 23, 200
MM, 41, 23, 15
MM, 40, 23, 8
MM, 39, 23, 8
MM, 38, 23, 8
MM, 37, 23, 17
MM, 36, 23, 7
MM, 36, 22, 16
MM, 35, 22, 8
MM, 33, 22, 16
MM, 32, 22, 8
MM, 31, 21, 9
MM, 29, 21, 16
MC, 1, 183
MM, 28, 21, 8
MM, 26, 21, 9
MM, 24, 22, 16
MM, 23, 25, 7
MM, 18, 28, 9
MM, 14, 31, 7
MM, 213, 8, 56
MM, 205, 8, 9
MM, 199, 8, 8
MM, 198, 8, 8
MM, 197, 8, 8
MM, 195, 8, 16
MM, 194, 9, 48
MM, 194, 10, 8
MM, 193, 10, 8
MM, 193, 11, 16
MM, 192, 11, 6
MM, 191, 11, 34
MM, 190, 11, 32
MM, 189, 11, 16
MM, 188, 11, 8
MM, 186, 11, 8
MM, 185, 11, 7
MM, 183, 11, 17
MM, 182, 12, 14
MM, 179, 14, 1
MM, 177, 14, 7
MM, 175, 14, 18
MM, 174, 14, 7
MC, 1, 113
MM, 173, 14, 24
MM, 172, 13, 16
MM, 170, 12, 7
MM, 163, 9, 8
MM, 154, 5, 8
MM, 145, 0, 9
MM, 43, 31, 7
MM, 33, 23, 9
MM, 29, 18, 8
MM, 25, 12, 7
MM, 24, 9, 9
MM, 23, 6, 7
MM, 23, 4, 8
MM, 21, 29, 24
MM, 21, 25, 9
MM, 21, 22, 8
MM, 21, 19, 7
MM, 21, 18, 16
MM, 20, 17, 9
MM, 20, 16, 7
MM, 20, 14, 8
MM, 19, 13, 17
MM, 19, 10, 8
MM, 19, 9, 7
MM, 19, 8, 17
MM, 19, 7, 8
MM, 19, 6, 7
MM, 19, 4, 17
MM, 19, 3, 7
MM, 19, 2, 16
MM, 19, 1, 8
MM, 19, 0, 25
MC, 1, 337
MM, 37, 1, 47
MM, 40, 4, 8
MM, 44, 7, 8
MM, 46, 8, 8
MM, 1, 11, 119
MM, 2, 12, 9
MM, 4, 14, 16
MM, 5, 14, 7
MM, 6, 15, 8
MM, 8, 17, 8
MM, 9, 17, 17
MM, 9, 18, 8
MC, 1, 184
MM, 8, 18, 31
MM, 6, 18, 8
MM, 4, 18, 8
MM, 0, 18, 8
MM, 44, 15, 17
MM, 39, 12, 8
MM, 33, 10, 8
MM, 27, 10, 8
MM, 23, 7, 8
MM, 16, 4, 7
MM, 12, 1, 16
MC, 1, 680
MC, 1, 817
MM, 14, 7, 80
MM, 17, 13, 7
MM, 19, 20, 19
MM, 23, 29, 2
MM, 28, 8, 11
MM, 28, 14, 8
MM, 28, 22, 9
MM, 28, 31, 8
MM, 21, 4, 15
MM, 21, 8, 8
MM, 22, 9, 8
MM, 22, 10, 8
MM, 23, 12, 120
MM, 23, 13, 7
MM, 25, 13, 10
MM, 25, 14, 8
MM, 25, 15, 8
MM, 26, 15, 8
MM, 26, 16, 15
MM, 21, 10, 224
MM, 20, 9, 16
MM, 19, 8, 8
MM, 18, 7, 8
MM, 14, 3, 8
MM, 11, 0, 8
MM, 12, 31, 16
MM, 7, 27, 8
MM, 2, 22, 8
MM, 42, 18, 17
MM, 37, 15, 7
MM, 34, 12, 10
MM, 33, 9, 6
MM, 32, 6, 8
MM, 30, 5, 9
MM, 29, 1, 8
MM, 22, 29, 23
MM, 15, 24, 8
MM, 11, 21, 8
MM, 6, 17, 8
MM, 4, 15, 8
MM, 42, 12, 176
MM, 41, 12, 8
MM, 40, 12, 8
MM, 39, 12, 10
MM, 37, 12, 7
MM, 35, 12, 7
MM, 34, 12, 9
MM, 33, 12, 7
MM, 32, 12, 9
MM, 31, 12, 7
MM, 30, 12, 32
MC, 1, 240
MM, 30, 13, 8
MM, 35, 13, 9
MM, 43, 12, 8
MM, 5, 10, 8
MM, 21, 8, 7
MM, 40, 8, 8
MM, 6, 6, 8
MM, 25, 4, 8
MM, 38, 4, 8
MM, 2, 4, 9
MM, 8, 3, 8
MM, 14, 1, 7
MM, 17, 0, 9
MC, 1, 392
MC, 1, 648
MM, 26, 1, 72
MM, 30, 10, 7
MM, 34, 15, 9
MM, 34, 20, 8
MM, 36, 25, 8
MM, 39, 29, 8
MM, 1, 21, 56
MM, 2, 22, 7
MM, 2, 24, 8
MM, 3, 27, 8
MM, 4, 30, 8
MM, 47, 0, 33
MM, 48, 1, 8
MM, 48, 2, 8
MM, 49, 3, 8
MM, 49, 5, 24
MM, 49, 6, 8
MM, 49, 7, 16
MM, 49, 8, 7
MM, 49, 9, 8
MM, 51, 9, 8
MM, 52, 10, 17
MM, 52, 11, 16
MM, 52, 10, 72
MM, 52, 9, 8
MM, 49, 8, 151
MM, 48, 7, 8
MM, 47, 6, 8
MM, 46, 4, 9
MM, 43, 0, 8
MM, 41, 26, 23
MM, 36, 21, 8
MM, 32, 16, 9
MM, 27, 13, 8
MM, 23, 9, 8
MM, 20, 9, 8
MM, 16, 6, 8
MM, 11, 4, 7
MM, 7, 1, 8
MM, 6, 0, 8
MM, 0, 31, 40
MM, 0, 30, 40
MM, 0, 29, 16
MM, 43, 23, 89
MM, 42, 22, 8
MM, 39, 20, 7
MM, 38, 18, 8
MM, 36, 17, 17
MM, 34, 16, 8
MM, 33, 15, 8
MM, 31, 14, 7
MM, 31, 12, 9
MM, 30, 12, 7
MM, 30, 11, 8
MM, 32, 9, 192
MM, 35, 8, 8
MM, 39, 5, 8
MM, 42, 2, 8
MC, 1, 328
MM, 28, 2, 33
MM, 33, 9, 7
MM, 40, 16, 8
MM, 0, 26, 8
MM, 17, 5, 17
MM, 27, 13, 8
MM, 34, 20, 8
MM, 39, 25, 7
MM, 43, 30, 9
MM, 36, 30, 239
MM, 34, 27, 9
MM, 31, 26, 8
MM, 29, 25, 8
MM, 29, 24, 7
MM, 28, 24, 8
MM, 26, 22, 8
MC, 1, 225
MM, 26, 21, 31
MM, 26, 19, 8
MM, 25, 16, 8
MM, 25, 15, 9
MM, 21, 9, 8
MM, 19, 5, 7
MM, 6, 25, 24
MM, 0, 22, 8
MM, 41, 10, 24
MM, 40, 9, 8
MM, 39, 8, 9
MM, 37, 5, 7
MM, 37, 4, 16
MM, 37, 3, 8
MM, 37, 2, 17
MM, 37, 1, 8
MC, 1, 400
MM, 0, 1, 88
MM, 9, 4, 8
MM, 13, 7, 7
MM, 22, 12, 8
MM, 28, 14, 8
MM, 34, 15, 9
MM, 40, 17, 8
MM, 7, 21, 24
MM, 10, 23, 7
MM, 15, 24, 8
MM, 19, 26, 8
MM, 22, 26, 8
MM, 26, 27, 9
MM, 27, 27, 7
MM, 30, 28, 9
MM, 31, 28, 15
MM, 32, 28, 25
MM, 33, 30, 16
MM, 34, 31, 7
MM, 1, 5, 97
MM, 2, 6, 7
MM, 6, 7, 8
MM, 7, 8, 8
MM, 9, 8, 8
MM, 11, 8, 8
MM, 12, 9, 8
MM, 13, 9, 105
MM, 13, 13, 175
MM, 13, 14, 8
MM, 13, 15, 8
MM, 13, 16, 8
MM, 13, 20, 8
MM, 13, 24, 9
MM, 13, 29, 8
MM, 153, 3, 23
MM, 153, 7, 9
MM, 153, 9, 8
MM, 153, 11, 8
MM, 153, 13, 8
MM, 153, 14, 8
MM, 153, 15, 8
MM, 153, 16, 7
MM, 153, 17, 24
MM, 152, 17, 8
MM, 150, 19, 16
MM, 149, 19, 16
MM, 148, 19, 8
MM, 148, 20, 8
MM, 146, 20, 184
MM, 145, 20, 16
MM, 144, 20, 8
MM, 140, 19, 8
MM, 139, 18, 9
MM, 136, 16, 8
MM, 132, 14, 8
MM, 127, 13, 8
MM, 119, 9, 8
MM, 110, 8, 7
MM, 104, 6, 8
MM, 95, 3, 8
MM, 90, 1, 8
MM, 28, 30, 56
MM, 24, 30, 8
MM, 23, 30, 8
MM, 20, 29, 9
MM, 19, 29, 8
MM, 18, 28, 8
MM, 15, 28, 8
MM, 14, 28, 7
MM, 13, 27, 8
MM, 12, 27, 17
MM, 10, 27, 15
MM, 7, 27, 16
MM, 6, 27, 8
MM, 4, 27, 8
MM, 1, 27, 8
MM, 43, 26, 25
MM, 41, 26, 7
MM, 39, 26, 8
MM, 36, 26, 8
MM, 33, 26, 8
MM, 29, 26, 8
MM, 26, 26, 8
MM, 24, 26, 8
MM, 23, 26, 9
MM, 21, 26, 8
MC, 1, 271
MM, 22, 26, 56
MM, 23, 26, 8
MM, 24, 26, 8
MM, 25, 26, 9
MM, 26, 24, 24
MM, 27, 24, 8
MM, 28, 24, 16
MM, 29, 24, 7
MM, 32, 24, 8
MM, 34, 24, 9
MM, 37, 24, 7
MM, 40, 24, 8
MM, 42, 24, 8
MM, 0, 29, 81
MM, 2, 30, 7
MM, 3, 31, 17
MM, 44, 0, 96
MM, 45, 3, 7
MM, 45, 4, 8
MM, 45, 5, 24
MM, 45, 6, 32
MM, 45, 8, 17
MM, 45, 9, 16
MM, 45, 7, 1848
MM, 45, 5, 8
MM, 45, 4, 7
MM, 45, 2, 9
MM, 49, 0, 7
MM, 18, 28, 8
MM, 31, 13, 8
MM, 43, 1, 8
MM, 1, 31, 9
MM, 4, 22, 8
MM, 9, 18, 7
MM, 14, 8, 8
MM, 1, 11, 32
MM, 6, 1, 8
MM, 30, 0, 745
MM, 30, 1, 7
MM, 30, 3, 8
MM, 30, 4, 8
MM, 30, 5, 8
MM, 30, 6, 8
MM, 30, 9, 9
MM, 29, 9, 7
MM, 29, 11, 9
MM, 29, 12, 7
MM, 28, 12, 8
MM, 28, 14, 24
MM, 29, 15, 25
MM, 30, 15, 16
MM, 32, 15, 7
MM, 34, 15, 8
MM, 1, 13, 25
MM, 5, 13, 7
MM, 11, 13, 9
MM, 14, 12, 8
MM, 16, 12, 7
MM, 18, 12, 8
MM, 18, 11, 8
MM, 19, 11, 8
MM, 19, 13, 361
MM, 16, 16, 7
MM, 15, 16, 8
MM, 12, 17, 8
MM, 10, 20, 8
MM, 7, 23, 9
MM, 4, 27, 7
MM, 14, 4, 25
MM, 7, 9, 8
MM, 3, 14, 8
MM, 39, 20, 15
MM, 35, 23, 8
MM, 29, 27, 9
MM, 26, 30, 8
MM, 23, 31, 8
MM, 13, 0, 184
MM, 10, 0, 8
MM, 9, 1, 8
MM, 7, 2, 8
MM, 4, 4, 8
MM, 1, 5, 7
MM, 38, 12, 25
MM, 35, 14, 8
MM, 32, 15, 8
MM, 30, 15, 8
MM, 29, 16, 7
MM, 27, 16, 144
MC, 1, 128
MM, 26, 16, 8
MM, 25, 16, 16
MM, 24, 15, 8
MM, 23, 14, 9
MM, 22, 11, 7
MM, 22, 9, 9
MM, 19, 7, 8
MM, 18, 5, 8
MM, 16, 2, 7
MM, 9, 30, 25
MM, 6, 27, 8
MM, 3, 26, 8
MM, 2, 23, 8
MM, 46, 12, 31
MM, 45, 9, 9
MM, 44, 7, 8
MM, 41, 4, 8
MM, 40, 1, 8
MM, 38, 0, 8
MC, 1, 458
MM, 1, 12, 38
MM, 12, 12, 8
MM, 21, 12, 8
MM, 31, 12, 7
MM, 38, 14, 9
MM, 42, 14, 7
MM, 0, 14, 25
MM, 1, 14, 16
MM, 2, 14, 7
MM, 4, 14, 16
MM, 6, 14, 8
MM, 8, 14, 8
MM, 12, 14, 8
MM, 13, 14, 9
MM, 16, 14, 7
MM, 17, 14, 9
MM, 19, 14, 8
MM, 21, 14, 7
MM, 22, 14, 8
MM, 23, 14, 25
MM, 24, 14, 16
MM, 25, 14, 32
MM, 26, 14, 15
MM, 27, 14, 9
MM, 27, 13, 8
MM, 30, 13, 8
MM, 31, 13, 8
MM, 32, 13, 7
MM, 35, 13, 8
MM, 36, 11, 8
MM, 37, 11, 8
MM, 38, 11, 8
MM, 39, 11, 8
MM, 40, 11, 9
MM, 41, 11, 7
MM, 43, 11, 16
MM, 1, 11, 57
MM, 2, 10, 40
MM, 2, 9, 16
MM, 3, 9, 103
MC, 1, 200
MM, 0, 11, 17
MM, 42, 20, 32
MM, 40, 23, 8
MM, 37, 26, 8
MM, 34, 29, 8
MM, 15, 0, 15
MM, 12, 2, 9
MM, 9, 7, 8
MM, 4, 11, 7
MM, 2, 13, 8
MM, 43, 25, 161
MM, 43, 26, 16
MM, 42, 26, 8
MM, 42, 27, 8
MM, 42, 28, 7
MM, 42, 29, 8
MM, 42, 30, 9
MM, 42, 31, 8
MM, 41, 0, 24
MM, 40, 1, 8
MM, 38, 3, 7
MM, 36, 5, 8
MM, 34, 8, 8
MM, 33, 9, 9
MM, 32, 10, 8
MM, 31, 11, 7
MM, 30, 12, 9
MM, 27, 13, 7
MM, 26, 14, 8
MM, 25, 16, 8
MM, 24, 16, 8
MM, 24, 17, 8
MM, 23, 17, 17
MM, 22, 17, 32
MM, 18, 17, 128
MM, 17, 17, 7
MM, 17, 15, 8
MM, 15, 15, 8
MM, 14, 14, 8
MM, 12, 14, 9
MM, 8, 13, 7
MM, 2, 8, 9
MM, 41, 2, 17
MM, 17, 28, 14
MM, 6, 24, 8
MM, 37, 13, 17
MM, 28, 7, 8
MM, 19, 4, 7
MM, 14, 1, 8
MC, 1, 688
MM, 17, 1, 193
MM, 24, 3, 7
MM, 30, 6, 8
MM, 40, 12, 8
MM, 3, 19, 17
MM, 9, 22, 8
MM, 21, 28, 7
MM, 30, 31, 8
MM, 8, 8, 24
MM, 12, 13, 9
MM, 17, 16, 7
MM, 18, 19, 9
MM, 21, 20, 8
MM, 22, 23, 8
MM, 22, 24, 7
MM, 22, 25, 8
MM, 22, 26, 8
MM, 22, 27, 9
MM, 22, 28, 15
MM, 21, 28, 160
MM, 20, 28, 16
MM, 20, 30, 16
MM, 19, 30, 48
MM, 19, 29, 17
MM, 18, 29, 8
MM, 16, 27, 8
MM, 16, 26, 8
MM, 15, 25, 7
MM, 15, 24, 8
MM, 14, 22, 17
MM, 14, 21, 8
MM, 14, 20, 30
MM, 14, 19, 66
MC, 1, 152
MM, 13, 19, 71
MM, 11, 18, 9
MM, 8, 16, 7
MM, 7, 15, 9
MM, 4, 13, 7
MM, 0, 10, 9
MM, 42, 5, 15
MM, 38, 1, 8
MM, 30, 30, 16
MM, 27, 25, 9
MM, 26, 21, 7
MM, 23, 16, 8
MM, 21, 13, 8
MM, 20, 9, 8
MM, 20, 7, 8
MM, 20, 4, 9
MM, 19, 1, 8
MM, 9, 1, 568
MM, 0, 2, 8
MM, 41, 6, 8
MM, 35, 8, 7
MM, 26, 11, 9
MM, 15, 13, 8
MM, 8, 16, 8
MM, 0, 18, 8
MM, 38, 18, 16
MM, 35, 20, 7
MM, 32, 20, 8
MM, 30, 20, 8
MM, 29, 20, 8
MM, 27, 20, 9
MM, 26, 20, 8
MM, 26, 21, 23
MM, 25, 21, 8
MM, 24, 21, 8
MM, 23, 21, 9
MM, 22, 21, 8
MM, 22, 22, 8
MM, 21, 22, 39
MM, 20, 22, 56
MC, 1, 200
MM, 21, 22, 25
MM, 22, 23, 8
MM, 26, 26, 8
MM, 29, 29, 8
MM, 33, 30, 7
MM, 6, 3, 33
MM, 12, 6, 8
MM, 24, 12, 7
MM, 33, 16, 9
MM, 42, 17, 8
MM, 3, 21, 18
MM, 17, 26, 5
MM, 21, 28, 8
MM, 24, 29, 8
MM, 26, 29, 9
MM, 27, 29, 8
MM, 30, 29, 7
MM, 31, 29, 8
MM, 32, 30, 8
MM, 33, 30, 9
MM, 34, 30, 8
MM, 36, 30, 8
MM, 37, 30, 8
MM, 37, 31, 208
MM, 77, 0, 64
MM, 77, 2, 7
MM, 77, 3, 8
MM, 77, 4, 8
MM, 77, 6, 8
MM, 77, 7, 8
MM, 77, 10, 9
MM, 77, 11, 16
MM, 77, 12, 8
MM, 77, 15, 368
MM, 77, 17, 16
MM, 75, 16, 296
MM, 74, 16, 7
MM, 72, 15, 8
MM, 69, 14, 9
MM, 67, 14, 7
MM, 65, 14, 8
MM, 61, 13, 8
MM, 59, 13, 9
MM, 56, 13, 7
MM, 52, 11, 8
MM, 49, 11, 8
MM, 41, 9, 8
MM, 30, 6, 9
MM, 16, 2, 7
MM, 39, 28, 16
MM, 18, 21, 8
MM, 4, 19, 9
MM, 38, 17, 7
MM, 29, 16, 8
MM, 20, 14, 8
MM, 16, 14, 8
MM, 13, 12, 9
MM, 9, 11, 8
MM, 8, 10, 8
MM, 6, 9, 8
MM, 5, 8, 7
MM, 5, 6, 8
MM, 4, 4, 8
MM, 3, 3, 8
MM, 3, 2, 8
MM, 3, 0, 8
MM, 3, 29, 64
MM, 3, 28, 24
MM, 3, 27, 7
MM, 3, 26, 18
MM, 3, 25, 16
MM, 3, 24, 16
MM, 3, 22, 7
MM, 3, 21, 8
MM, 3, 20, 17
MM, 3, 19, 31
MM, 3, 18, 32
MM, 4, 18, 33
MM, 5, 18, 8
MM, 7, 18, 7
MM, 8, 18, 8
MM, 9, 18, 8
MM, 10, 18, 25
MC, 1, 120
MM, 11, 19, 7
MM, 12, 19, 9
MM, 15, 19, 17
MM, 21, 22, 2
MM, 33, 26, 4
MM, 42, 30, 8
MM, 20, 2, 17
MM, 34, 6, 8
MM, 3, 10, 7
MM, 17, 14, 9
MM, 36, 21, 7
MM, 3, 23, 8
MM, 22, 25, 8
MM, 41, 27, 8
MM, 7, 29, 8
MM, 21, 31, 8
MM, 13, 31, 97
MM, 14, 31, 15
MM, 15, 31, 24
MM, 16, 31, 9
MM, 16, 29, 8
MM, 16, 28, 31
MM, 16, 27, 8
MM, 17, 26, 8
MM, 17, 25, 8
MM, 17, 24, 9
MM, 17, 21, 8
MM, 19, 19, 8
MM, 20, 17, 8
MM, 21, 16, 7
MM, 22, 16, 8
MM, 23, 16, 8
MM, 23, 15, 8
MC, 1, 201
MM, 23, 16, 8
MM, 20, 18, 7
MM, 18, 21, 9
MM, 13, 21, 7
MM, 7, 22, 8
MM, 40, 24, 16
MM, 29, 24, 8
MM, 19, 24, 9
MM, 8, 24, 8
MM, 35, 21, 16
MM, 29, 20, 8
MM, 23, 20, 7
MM, 20, 18, 8
MM, 18, 18, 9
MM, 17, 17, 8
MM, 15, 15, 8
MM, 13, 13, 7
MM, 11, 10, 9
MM, 10, 9, 7
MM, 9, 7, 8
MM, 8, 6, 8
MM, 7, 5, 9
MM, 6, 3, 8
MM, 4, 2, 8
MM, 3, 2, 7
MM, 2, 1, 9
MM, 43, 31, 64
MM, 42, 30, 23
MM, 40, 29, 9
MM, 40, 27, 8
MM, 38, 26, 8
MM, 38, 25, 8
MM, 35, 22, 8
MM, 34, 21, 8
MM, 33, 21, 8
MM, 32, 20, 7
MM, 31, 19, 9
MM, 31, 18, 8
MM, 30, 18, 8
MC, 1, 208
MM, 30, 19, 24
MM, 32, 23, 7
MM, 35, 28, 8
MM, 2, 7, 24
MM, 9, 14, 9
MM, 12, 16, 8
MM, 16, 21, 8
MM, 19, 26, 8
MM, 22, 28, 7
MM, 23, 30, 8
MM, 25, 31, 8
MM, 68, 0, 137
MM, 69, 3, 8
MM, 71, 5, 8
MM, 71, 7, 8
MM, 71, 8, 8
MM, 71, 9, 7
MM, 71, 10, 8
MM, 71, 11, 17
MM, 68, 9, 216
MM, 68, 6, 7
MM, 68, 5, 9
MM, 67, 1, 8
MM, 27, 29, 24
MM, 27, 25, 8
MM, 27, 21, 8
MM, 27, 16, 7
MM, 27, 12, 9
MM, 27, 8, 8
MM, 27, 3, 8
MM, 26, 29, 32
MM, 26, 27, 8
MM, 26, 24, 8
MM, 26, 23, 7
MM, 26, 22, 8
MM, 26, 21, 8
MM, 26, 20, 17
MM, 26, 18, 8
MM, 26, 17, 15
MM, 26, 16, 8
MM, 26, 15, 8
MM, 26, 14, 16
MM, 26, 13, 8
MM, 26, 12, 8
MM, 26, 11, 8
MM, 26, 9, 16
MC, 1, 186
MM, 28, 10, 6
MM, 32, 10, 8
MM, 37, 10, 8
MM, 43, 10, 8
MM, 7, 10, 16
MM, 20, 9, 9
MM, 31, 9, 8
MM, 6, 7, 15
MM, 17, 5, 9
MM, 28, 1, 7
MM, 20, 29, 33
MM, 28, 26, 7
MM, 32, 24, 8
MM, 35, 23, 9
MM, 36, 23, 8
MM, 37, 22, 7
MM, 39, 22, 8
MM, 40, 21, 9
MM, 40, 20, 16
MM, 41, 18, 15
MM, 41, 17, 17
MM, 42, 17, 7
MM, 42, 16, 16
MM, 43, 15, 9
MM, 0, 13, 167
MM, 1, 13, 8
MM, 2, 13, 8
MM, 5, 13, 8
MM, 6, 13, 9
MM, 7, 13, 8
MM, 9, 13, 9
MM, 12, 13, 6
MM, 13, 13, 16
MC, 1, 224
MM, 12, 14, 25
MM, 10, 17, 8
MM, 7, 18, 7
MM, 3, 23, 8
MM, 0, 26, 8
MM, 25, 0, 25
MM, 18, 5, 9
MM, 11, 10, 7
MM, 2, 16, 8
MM, 40, 22, 7
MM, 33, 27, 9
MM, 26, 30, 8
MM, 10, 2, 23
MM, 3, 4, 8
MM, 41, 5, 16
MM, 37, 7, 8
MM, 33, 7, 9
MM, 27, 7, 8
MM, 21, 7, 8
MM, 18, 8, 8
MM, 14, 8, 8
MM, 11, 9, 7
MM, 8, 9, 9
MM, 6, 11, 8
MM, 1, 11, 7
MM, 0, 12, 9
MM, 43, 13, 144
MM, 42, 13, 7
MM, 41, 13, 9
MM, 40, 13, 15
MM, 39, 13, 16
MM, 38, 14, 8
MM, 37, 14, 8
MM, 35, 14, 17
MM, 34, 14, 15
MM, 33, 14, 16
MM, 32, 14, 8
MM, 31, 14, 9
MM, 31, 15, 7
MM, 30, 15, 8
MM, 29, 15, 8
MM, 27, 15, 8
MM, 26, 15, 16
MM, 25, 14, 185
MM, 24, 13, 7
MM, 23, 10, 8
MM, 21, 8, 8
MM, 21, 5, 9
MM, 20, 4, 8
MM, 19, 0, 8
MM, 15, 31, 16
MM, 13, 30, 7
MM, 12, 27, 8
MM, 12, 24, 8
MM, 11, 20, 8
MM, 9, 17, 9
MM, 9, 15, 8
MM, 6, 10, 8
MM, 5, 8, 8
MM, 2, 5, 7
MM, 1, 4, 16
MM, 0, 2, 2
MC, 1, 655
MM, 30, 0, 72
MM, 32, 6, 8
MM, 35, 10, 8
MM, 36, 15, 8
MM, 40, 23, 8
MM, 7, 4, 31
MM, 10, 8, 8
MM, 16, 15, 8
MM, 21, 20, 9
MM, 25, 23, 8
MM, 30, 27, 8
MM, 33, 30, 8
MM, 80, 0, 31
MM, 81, 2, 25
MM, 82, 3, 24
MM, 82, 4, 9
MM, 82, 5, 6
MM, 82, 6, 8
MM, 82, 7, 9
MM, 83, 8, 16
MM, 83, 10, 7
MM, 83, 11, 9
MM, 84, 11, 15
MC, 1, 264
MM, 85, 11, 35
MM, 86, 11, 6
MM, 89, 11, 8
MM, 90, 9, 8
MM, 94, 9, 8
MM, 97, 8, 8
MM, 103, 6, 8
MM, 110, 3, 8
MM, 119, 1, 7
MM, 11, 25, 25
MM, 23, 19, 7
MM, 35, 13, 8
MM, 42, 8, 8
MM, 4, 0, 8
MM, 17, 25, 16
MM, 25, 18, 9
MM, 34, 12, 8
MM, 40, 3, 7
MM, 17, 26, 16
MM, 27, 18, 9
MM, 31, 14, 8
MM, 15, 1, 391
MM, 15, 2, 41
MM, 15, 3, 15
MM, 15, 4, 25
MM, 15, 5, 16
MM, 15, 6, 39
MC, 1, 217
MM, 14, 7, 80
MM, 12, 10, 15
MM, 11, 10, 8
MM, 7, 14, 8
MM, 3, 19, 9
MM, 33, 28, 16
MM, 1, 2, 15
MM, 37, 8, 9
MM, 28, 13, 8
MM, 11, 18, 7
MM, 30, 28, 16
MM, 34, 0, 25
MM, 23, 2, 7
MM, 14, 6, 10
MM, 5, 6, 6
MM, 1, 6, 8
MM, 0, 6, 9
MM, 42, 7, 191
MM, 41, 7, 8
MM, 40, 7, 8
MM, 37, 7, 8
MM, 36, 7, 9
MM, 34, 7, 7
MM, 31, 7, 9
MM, 30, 7, 7
MM, 27, 7, 8
MM, 26, 7, 8
MM, 25, 7, 8
MM, 23, 7, 17
MM, 22, 7, 7
MM, 20, 7, 9
MM, 19, 7, 8
MM, 18, 7, 7
MM, 17, 7, 9
MM, 15, 7, 8
MM, 12, 7, 16
MM, 11, 7, 7
MM, 10, 7, 16
MM, 9, 7, 16
MM, 8, 7, 17
MM, 6, 7, 31
MM, 5, 7, 41
MM, 4, 7, 23
MM, 3, 7, 16
MM, 2, 7, 9
MM, 1, 7, 7
MM, 43, 12, 65
MM, 43, 13, 15
MC, 1, 241
MM, 41, 13, 191
MM, 40, 11, 32
MM, 39, 10, 9
MM, 38, 9, 7
MM, 38, 7, 9
MM, 37, 4, 8
MM, 35, 0, 7
MM, 31, 29, 16
MM, 29, 24, 8
MM, 26, 22, 9
MM, 25, 17, 8
MM, 22, 13, 8
MM, 21, 10, 7
MM, 19, 6, 8
MM, 19, 3, 8
MM, 16, 0, 9
MM, 41, 0, 383
MM, 36, 5, 8
MM, 27, 8, 8
MM, 18, 14, 9
MM, 9, 17, 8
MM, 2, 23, 8
MM, 39, 26, 16
MM, 32, 31, 7
MM, 28, 31, 8
MM, 25, 31, 9
MP, 1, 296
MR, 1, 95
MC, 1, 0
MM, 3, 31, 48
MM, 3, 30, 41
MM, 4, 29, 16
MM, 5, 27, 7
MM, 6, 26, 8
MM, 7, 25, 9
MM, 10, 24, 8
MM, 11, 23, 8
MM, 13, 22, 7
MM, 16, 19, 8
MM, 17, 18, 9
MM, 19, 16, 8
MM, 20, 15, 8
MM, 21, 14, 8
MM, 22, 13, 8
MM, 22, 12, 8
MM, 22, 11, 8
MM, 24, 11, 8
MC, 1, 208
MM, 26, 11, 103
MM, 26, 12, 8
MM, 27, 13, 8
MM, 28, 14, 8
MM, 29, 15, 9
MM, 30, 17, 7
MM, 33, 18, 8
MM, 37, 21, 9
MM, 42, 24, 8
MM, 7, 31, 16
MM, 10, 0, 39
MM, 21, 0, 8
MM, 32, 0, 8
MM, 40, 2, 9
MM, 1, 2, 8
MM, 10, 4, 7
MM, 14, 4, 8
MM, 20, 4, 8
MM, 26, 4, 9
MM, 31, 4, 8
MM, 35, 4, 8
MM, 39, 4, 8
MM, 43, 4, 7
MM, 2, 4, 17
MM, 4, 4, 8
MM, 9, 4, 8
MM, 11, 3, 8
MM, 16, 3, 8
MM, 20, 3, 8
MM, 26, 3, 7
MM, 29, 3, 9
MM, 33, 3, 8
MM, 35, 3, 8
MM, 36, 3, 7
MM, 39, 3, 8
MM, 40, 3, 8
MM, 41, 4, 25
MM, 1, 9, 24
MM, 5, 12, 7
MM, 8, 13, 8
MM, 12, 14, 8
MM, 14, 15, 8
MM, 15, 15, 8
MM, 16, 15, 9
MM, 17, 15, 8
MM, 18, 17, 7
MM, 18, 18, 8
MM, 21, 18, 8
MM, 22, 18, 8
MM, 24, 19, 8
MM, 25, 19, 17
MM, 19, 21, 271
MM, 18, 21, 8
MM, 15, 21, 8
MM, 11, 21, 8
MM, 7, 21, 9
MM, 3, 21, 8
MM, 42, 21, 16
MM, 34, 21, 7
MM, 28, 19, 9
MM, 20, 19, 8
MM, 14, 18, 8
MM, 5, 16, 8
MM, 33, 16, 16
MM, 24, 14, 7
MM, 14, 14, 9
MM, 0, 12, 9
MM, 39, 12, 7
MM, 25, 10, 8
MM, 6, 6, 8
MM, 37, 4, 16
MM, 28, 3, 8
MM, 24, 3, 8
MM, 21, 3, 8
MM, 20, 1, 8
MM, 19, 1, 8
MM, 19, 0, 39
MM, 18, 0, 25
MM, 18, 30, 151
MM, 18, 29, 24
MM, 18, 28, 24
MM, 18, 27, 41
MM, 18, 26, 16
MM, 18, 25, 15
MM, 18, 24, 8
MM, 19, 24, 8
MM, 20, 22, 8
MM, 21, 22, 8
MM, 21, 21, 9
MM, 22, 21, 7
MM, 22, 20, 17
MC, 1, 151
MM, 23, 21, 25
MM, 26, 24, 8
MM, 29, 27, 8
MM, 34, 31, 8
MM, 4, 5, 23
MM, 10, 9, 8
MM, 22, 14, 9
MM, 29, 18, 7
MM, 38, 23, 9
MM, 4, 30, 15
MM, 61, 2, 24
MM, 66, 5, 9
MM, 69, 8, 8
MM, 72, 13, 8
MM, 72, 15, 8
MM, 72, 16, 8
MM, 72, 18, 8
MM, 72, 19, 7
MM, 72, 20, 16
MC, 1, 273
MM, 73, 19, 64
MM, 73, 16, 8
MM, 76, 13, 7
MM, 77, 12, 9
MM, 79, 11, 8
MM, 84, 10, 8
MM, 88, 5, 7
MM, 97, 1, 8
MM, 106, 0, 8
MM, 34, 31, 17
MM, 43, 28, 8
MM, 5, 22, 8
MM, 17, 16, 8
MM, 28, 12, 8
MM, 38, 6, 7
MM, 8, 29, 25
MM, 13, 24, 8
MM, 16, 19, 7
MM, 20, 17, 9
MM, 21, 15, 8
MM, 24, 13, 8
MM, 25, 10, 7
MM, 26, 9, 9
MM, 28, 8, 8
MM, 29, 5, 16
MM, 30, 4, 7
MM, 31, 3, 31
MM, 31, 2, 1
MM, 32, 2, 16
MM, 32, 1, 9
MM, 32, 0, 7
MM, 6, 31, 32
MM, 7, 30, 9
MM, 9, 29, 8
MM, 11, 27, 8
MM, 11, 26, 8
MM, 11, 25, 7
MM, 11, 24, 16
MM, 11, 23, 17
MM, 11, 22, 7
MM, 11, 21, 33
MM, 9, 21, 303
MM, 8, 23, 8
MM, 4, 26, 8
MM, 22, 5, 24
MM, 15, 10, 9
MM, 5, 18, 8
MM, 32, 1, 24
MM, 25, 6, 8
MM, 20, 10, 8
MM, 14, 14, 8
MM, 11, 18, 7
MM, 8, 20, 8
MM, 4, 21, 8
MM, 2, 24, 8
MM, 1, 24, 8
MM, 0, 24, 9
MM, 0, 25, 8
MM, 0, 24, 199
MM, 1, 23, 8
MM, 2, 21, 8
MM, 4, 20, 16
MM, 5, 19, 8
MM, 6, 19, 8
MM, 6, 18, 9
MM, 6, 17, 8
MM, 7, 17, 7
MM, 7, 16, 8
MM, 8, 16, 8
MM, 9, 15, 24
MC, 1, 168
MM, 8, 16, 25
MM, 7, 18, 7
MM, 5, 21, 9
MM, 3, 24, 7
MM, 1, 27, 9
MM, 135, 7, 23
MM, 133, 13, 8
MM, 130, 17, 8
MM, 127, 24, 9
MM, 124, 25, 8
MM, 121, 29, 8
MM, 120, 32, 8
MM, 119, 33, 8
MM, 118, 33, 7
MC, 1, 256
MM, 117, 33, 8
MM, 115, 31, 16
MM, 115, 30, 9
MM, 114, 26, 8
MM, 114, 23, 8
MM, 114, 19, 8
MM, 113, 14, 8
MM, 113, 8, 7
MM, 111, 2, 9
MM, 21, 22, 16
MM, 21, 14, 7
MM, 21, 3, 9
MM, 18, 25, 16
MM, 18, 16, 7
MM, 18, 12, 9
MM, 18, 6, 8
MM, 18, 2, 7
MC, 1, 361
MM, 34, 0, 167
MM, 35, 0, 8
MM, 36, 0, 9
MM, 37, 2, 8
MM, 40, 3, 7
MM, 41, 5, 8
MM, 41, 6, 8
MM, 42, 7, 8
MM, 43, 8, 8
MM, 45, 8, 105
MM, 46, 9, 7
MM, 1, 14, 73
MM, 2, 14, 7
MM, 4, 15, 8
MM, 5, 15, 17
MM, 6, 16, 15
MM, 7, 16, 17
MM, 8, 16, 7
MM, 9, 16, 8
MM, 10, 16, 8
MM, 12, 16, 8
MM, 13, 16, 8
MM, 15, 16, 8
MM, 16, 16, 17
MC, 1, 208
MM, 14, 16, 7
MM, 11, 16, 8
MM, 8, 18, 9
MM, 6, 18, 8
MM, 2, 18, 7
MM, 46, 18, 17
MM, 42, 18, 7
MM, 37, 18, 8
MM, 33, 18, 8
MM, 31, 18, 8
MM, 26, 18, 9
MM, 24, 16, 7
MM, 21, 16, 9
MM, 16, 13, 7
MM, 14, 13, 9
MM, 10, 11, 7
MM, 5, 10, 8
MM, 40, 3, 17
MM, 34, 2, 7
MM, 28, 0, 9
MM, 23, 0, 7
MM, 17, 0, 8
MM, 12, 0, 8
MM, 7, 0, 8
MC, 1, 481
MM, 16, 1, 39
MM, 21, 8, 8
MM, 21, 14, 8
MM, 22, 22, 9
MM, 24, 28, 7
MM, 27, 7, 17
MM, 31, 14, 7
MM, 31, 18, 9
MM, 34, 25, 8
MM, 34, 31, 7
MM, 25, 0, 16
MM, 25, 3, 8
MM, 25, 5, 8
MM, 25, 7, 9
MM, 25, 8, 7
MM, 25, 9, 96
MM, 26, 9, 8
MM, 26, 10, 8
MM, 27, 11, 8
MM, 27, 12, 9
MM, 27, 13, 7
MM, 27, 15, 9
MM, 29, 16, 8
MM, 29, 17, 15
MM, 30, 18, 17
MM, 30, 19, 16
MM, 30, 20, 15
MM, 30, 23, 8
MM, 30, 24, 16
MM, 31, 24, 9
MC, 1, 209
MM, 31, 23, 6
MM, 29, 20, 8
MM, 28, 19, 8
MM, 27, 16, 8
MM, 26, 12, 8
MM, 23, 8, 9
MM, 20, 3, 7
MM, 20, 29, 16
MM, 16, 22, 9
MM, 9, 15, 7
MM, 6, 10, 8
MM, 39, 30, 33
MM, 36, 25, 8
MM, 34, 22, 8
MM, 30, 18, 7
MM, 28, 13, 8
MM, 24, 9, 8
MM, 22, 6, 9
MM, 20, 3, 7
MM, 18, 1, 8
MM, 6, 27, 465
MM, 32, 27, 7
MM, 9, 30, 8
MM, 35, 30, 8
MM, 4, 30, 9
MM, 17, 30, 8
MM, 28, 30, 8
MM, 34, 30, 8
MM, 1, 30, 24
MM, 1, 29, 8
MM, 2, 29, 16
MM, 2, 28, 7
MM, 2, 27, 8
MM, 2, 26, 17
MM, 2, 25, 16
MM, 2, 24, 7
MM, 2, 23, 9
MM, 3, 23, 7
MM, 4, 23, 8
MM, 5, 22, 8
MM, 6, 20, 9
MM, 7, 20, 16
MM, 8, 20, 144
MM, 8, 19, 7
MM, 10, 19, 8
MM, 11, 18, 32
MC, 1, 145
MM, 9, 19, 23
MM, 8, 21, 8
MM, 6, 21, 8
MM, 3, 22, 9
MM, 32, 23, 23
MM, 26, 23, 8
MM, 18, 23, 8
MM, 12, 23, 8
MM, 4, 23, 8
MM, 40, 23, 17
MM, 34, 23, 7
MM, 26, 23, 9
MM, 20, 23, 7
MM, 14, 23, 9
MM, 8, 23, 7
MM, 4, 23, 9
MM, 0, 23, 8
MM, 41, 23, 15
MM, 37, 23, 8
MM, 29, 23, 9
MM, 23, 23, 8
MM, 18, 21, 7
MM, 14, 21, 17
MM, 12, 21, 2
MM, 10, 21, 5
MM, 8, 21, 8
MM, 5, 20, 17
MM, 4, 20, 7
MM, 3, 20, 129
MM, 2, 20, 7
MM, 1, 20, 8
MM, 0, 20, 17
MC, 1, 791
MM, 15, 25, 72
MM, 31, 27, 8
MM, 0, 27, 9
MM, 16, 29, 8
MM, 30, 29, 7
MM, 43, 29, 9
MM, 9, 29, 8
MM, 20, 29, 7
MM, 33, 29, 8
MM, 3, 29, 16
MM, 6, 30, 9
MM, 9, 30, 7
MM, 10, 31, 8
MM, 11, 31, 8
MM, 12, 31, 16
MM, 13, 31, 8
MM, 1, 3, 201
MM, 2, 6, 8
MM, 3, 10, 7
MM, 6, 13, 9
MM, 8, 16, 7
MM, 9, 17, 8
MM, 10, 18, 9
MM, 11, 19, 7
MM, 12, 20, 8
MM, 13, 20, 9
MM, 14, 21, 7
MM, 16, 21, 8
MM, 17, 21, 9
MM, 18, 21, 7
MM, 19, 21, 8
MM, 20, 20, 48
MM, 20, 19, 8
MM, 21, 19, 24
MC, 1, 184
MM, 20, 19, 8
MM, 19, 19, 8
MM, 18, 19, 8
MM, 15, 19, 8
MM, 11, 21, 9
MM, 7, 21, 8
MM, 2, 22, 8
MM, 40, 22, 16
MM, 34, 22, 7
MM, 26, 24, 18
MM, 13, 24, 2
MM, 2, 24, 5
MM, 41, 24, 7
MM, 30, 24, 8
MM, 19, 24, 8
MM, 8, 24, 9
MM, 34, 24, 15
MM, 23, 24, 8
MM, 12, 24, 9
MM, 1, 24, 8
MM, 46, 24, 7
MM, 40, 24, 8
MM, 34, 24, 9
MM, 28, 24, 7
MM, 26, 24, 8
MM, 23, 24, 9
MM, 21, 24, 8
MM, 19, 24, 7
MM, 18, 24, 9
MM, 17, 24, 8
MM, 16, 24, 8
MM, 15, 24, 7
MM, 14, 24, 8
MM, 11, 24, 8
MM, 9, 24, 8
MM, 6, 24, 9
MM, 4, 24, 8
MM, 43, 24, 24
MM, 40, 24, 7
MM, 36, 22, 9
MM, 33, 22, 8
MM, 32, 22, 7
MM, 30, 22, 9
MM, 27, 22, 7
MM, 24, 21, 9
MM, 23, 21, 7
MM, 19, 20, 9
MM, 18, 20, 8
MM, 17, 20, 7
MM, 14, 18, 8
MM, 13, 18, 8
MM, 12, 18, 8
MM, 11, 18, 8
MM, 9, 18, 8
MM, 7, 18, 8
MM, 6, 18, 8
MM, 4, 17, 8
MM, 3, 17, 8
MM, 0, 17, 8
MM, 42, 16, 25
MM, 40, 16, 15
MM, 39, 16, 16
MM, 38, 16, 9
MM, 36, 16, 7
MM, 34, 16, 9
MM, 33, 16, 7
MM, 32, 16, 9
MM, 31, 15, 7
MM, 29, 15, 16
MM, 28, 15, 9
MM, 27, 15, 16
MM, 26, 15, 7
MM, 25, 15, 8
MM, 24, 15, 8
MM, 23, 15, 16
MC, 1, 208
MM, 24, 15, 80
MM, 25, 15, 17
MM, 26, 15, 64
MM, 27, 15, 7
MM, 28, 15, 8
MM, 31, 16, 16
MM, 34, 19, 8
MM, 38, 23, 8
MM, 19, 0, 24
MM, 38, 9, 8
MM, 8, 18, 9
MM, 24, 22, 8
MM, 175, 7, 24
MM, 192, 11, 7
MM, 214, 18, 9
MM, 39, 31, 623
MM, 2, 3, 593
MC, 1, -176
MM, 8, 3, 183
MM, 12, 1, 9
MM, 15, 1, 8
MM, 16, 1, 9
MM, 17, 1, 14
MM, 17, 2, 176
MM, 17, 3, 25
MM, 16, 3, 7
MM, 15, 3, 8
MM, 13, 4, 16
MM, 12, 4, 16
MM, 11, 4, 16
MM, 10, 5, 17
MM, 10, 6, 15
MM, 9, 7, 25
MM, 8, 7, 24
MM, 7, 7, 8
MM, 5, 7, 7
MM, 4, 8, 8
MM, 2, 8, 8
MM, 1, 10, 8
MM, 0, 10, 8
MM, 261, 0, 2899
MM, 260, 6, 5
MM, 258, 11, 9
MM, 258, 15, 7
MM, 257, 19, 8
MM, 256, 24, 8
MM, 254, 28, 9
MM, 254, 33, 7
MM, 254, 37, 7
MM, 254, 43, 9
MM, 254, 47, 8
MM, 254, 51, 8
MM, 254, 54, 8
MM, 254, 58, 8
MM, 254, 61, 8
MM, 254, 63, 8
MM, 302, 61, 235
MM, 305, 60, 5
MM, 309, 57, 8
MM, 312, 56, 9
MM, 313, 54, 7
MM, 314, 53, 8
MM, 316, 52, 8
MM, 317, 50, 8
MM, 317, 49, 9
MM, 318, 49, 6
MM, 318, 47, 9
MM, 318, 46, 8
MM, 319, 46, 8
MM, 319, 45, 8
MM, 320, 45, 8
MM, 320, 44, 8
MM, 320, 43, 24
MM, 320, 42, 17
MM, 320, 41, 16
MM, 320, 39, 14
MM, 320, 38, 25
MM, 320, 36, 9
MM, 320, 33, 7
MM, 320, 31, 8
MM, 320, 28, 8
MM, 320, 26, 8
MM, 320, 25, 16
MM, 319, 22, 2
MM, 316, 19, 6
MM, 313, 16, 8
MM, 312, 14, 8
MM, 309, 12, 8
MM, 306, 9, 8
MM, 305, 8, 8
MM, 304, 6, 9
MM, 303, 5, 7
MM, 302, 3, 8
MM, 300, 1, 8
MM, 305, 0, 1020
MM, 305, 2, 28
MM, 305, 1, 377
MM, 305, 0, 15
MM, 276, 4, 825
MM, 276, 10, 6
MM, 277, 15, 9
MM, 279, 19, 7
MM, 280, 25, 9
MM, 283, 30, 8
MM, 283, 36, 8
MM, 286, 39, 8
MM, 291, 43, 8
MM, 293, 46, 8
MM, 300, 53, 8
MM, 305, 57, 8
MM, 22, 1, 88
MM, 27, 5, 8
MM, 31, 8, 8
MM, 2, 16, 24
MM, 3, 17, 8
MM, 6, 18, 8
MM, 5, 18, 200
MM, 3, 17, 24
MM, 228, 0, 186473
MM, 228, 5, 6
MM, 228, 7, 8
MM, 228, 12, 8
MM, 228, 13, 8
MM, 231, 18, 10
MM, 234, 21, 7
MM, 239, 26, 8
MM, 246, 31, 9
MM, 255, 37, 7
MM, 266, 40, 8
MM, 269, 40, 8
MM, 279, 40, 8
MM, 290, 42, 8
MM, 307, 44, 7
MM, 318, 48, 9
MM, 327, 50, 8
MM, 336, 54, 8
MM, 339, 55, 8
MM, 345, 58, 8
MM, 346, 61, 8
MM, 8, 8, 72
MM, 21, 18, 8
MM, 30, 24, 7
MM, 38, 0, 88
MM, 42, 5, 8
MM, 47, 10, 8
MM, 50, 11, 9
MM, 53, 12, 7
MM, 54, 12, 8
