**********************************
LOGGING TIME: 20201020_130804
CLIENT IP: 192.168.137.1
USERNAME: izazuhur
OS: Windows 10
*********************Neutral database**********************************
MM, 247, 60, 1602022801662
MM, 245, 55, 0
MM, 244, 51, 16
MM, 241, 47, 0
MM, 238, 40, 16
MM, 233, 36, 0
MM, 227, 24, 15
MM, 221, 12, 0
MM, 216, 3, 16
MM, 134, 25, 485
MM, 127, 17, 0
MM, 120, 10, 16
MM, 114, 3, 0
MM, 96, 27, 38
MM, 93, 22, 15
MM, 90, 21, 0
MM, 87, 18, 16
MM, 86, 17, 0
MM, 85, 16, 16
MM, 84, 15, 0
MM, 87, 15, 14833
MM, 91, 15, 0
MM, 96, 13, 16
MM, 97, 12, 0
MM, 99, 12, 15
MM, 102, 12, 0
MM, 108, 12, 16
MM, 114, 12, 0
MM, 122, 12, 15
MM, 132, 12, 7
MM, 146, 12, 0
MM, 165, 13, 16
MM, 15, 20, 15
MM, 29, 24, 0
MM, 46, 26, 16
MC, 1, 2820
MC, 1, 6139
MM, 275, 2, 19544
MM, 268, 10, 7
MM, 261, 13, 8
MM, 257, 16, 8
MM, 252, 20, 8
MM, 243, 24, 7
MM, 237, 27, 8
MM, 230, 31, 9
MM, 221, 34, 8
MM, 215, 36, 8
MM, 210, 36, 8
MM, 206, 37, 8
MM, 204, 37, 8
MM, 201, 39, 8
MM, 200, 39, 8
MM, 199, 39, 8
MM, 197, 39, 55
MM, 196, 40, 8
MM, 195, 40, 9
MC, 1, 224
MM, 194, 40, 232
MM, 193, 40, 20
MM, 192, 40, 2
MM, 191, 40, 2
MM, 189, 40, 16
MM, 188, 40, 16
MM, 187, 40, 8
MM, 186, 40, 8
MM, 183, 42, 8
MM, 181, 44, 8
MM, 178, 47, 9
MM, 173, 50, 7
MM, 169, 54, 7
MM, 162, 57, 8
MM, 153, 61, 8
MM, 11, 5, 33
MM, 3, 6, 7
MM, 39, 6, 8
MM, 31, 6, 8
MM, 17, 8, 8
MM, 30, 10, 16
MM, 16, 10, 8
MM, 0, 10, 8
MM, 0, 13, 549
MM, 20, 15, 3
MM, 24, 16, 8
MM, 27, 16, 8
MM, 29, 16, 8
MM, 32, 16, 8
MM, 33, 16, 8
MM, 34, 16, 8
MM, 35, 15, 16
MM, 35, 14, 25
MM, 34, 14, 32
MM, 33, 13, 8
MM, 32, 13, 8
MM, 31, 13, 16
MM, 31, 14, 55
MM, 30, 14, 8
MM, 28, 14, 16
MM, 28, 15, 17
MC, 1, 792
MC, 2, 168
MM, 28, 16, 48
MM, 28, 17, 8
MM, 29, 18, 8
MM, 30, 21, 8
MM, 33, 22, 8
MM, 37, 25, 8
MM, 5, 2, 72
MM, 24, 9, 8
MM, 38, 11, 8
MM, 1, 15, 8
MM, 12, 17, 8
MM, 21, 20, 8
MM, 31, 24, 8
MM, 40, 28, 8
MM, 4, 31, 16
MM, 39, 0, 96
MM, 1, 10, 24
MM, 5, 15, 8
MM, 10, 20, 8
MM, 17, 23, 8
MM, 21, 26, 8
MM, 24, 26, 8
MM, 26, 26, 8
MM, 29, 26, 8
MM, 31, 26, 8
MM, 33, 26, 16
MM, 34, 26, 16
MM, 34, 25, 8
MM, 35, 23, 8
MM, 36, 22, 8
MM, 37, 22, 7
MM, 40, 22, 10
MM, 42, 22, 7
MM, 1, 22, 23
MM, 4, 23, 8
MM, 5, 23, 8
MM, 6, 24, 8
MM, 8, 24, 8
MM, 9, 24, 8
MM, 10, 24, 8
MM, 11, 24, 8
MM, 13, 24, 8
MM, 15, 24, 16
MM, 15, 23, 49
MM, 14, 23, 104
MM, 3, 25, 87
MM, 38, 30, 16
MM, 217, 7, 32
MM, 198, 9, 8
MM, 181, 13, 8
MM, 168, 13, 9
MM, 152, 13, 8
MM, 140, 15, 8
MM, 134, 15, 8
MM, 132, 16, 8
MM, 131, 16, 8
MM, 129, 17, 8
MM, 128, 17, 8
MM, 127, 17, 16
MC, 1, 304
MM, 127, 13, 24
MM, 127, 11, 8
MM, 127, 7, 8
MM, 127, 2, 8
MM, 37, 31, 15
MM, 36, 28, 8
MM, 36, 27, 8
MM, 35, 25, 9
MM, 33, 22, 8
MM, 32, 21, 16
MM, 32, 18, 8
MM, 32, 17, 8
MM, 32, 16, 16
MM, 31, 15, 16
MM, 31, 14, 16
MC, 1, 200
MM, 32, 14, 24
MM, 37, 14, 8
MM, 6, 14, 16
MM, 17, 14, 8
MM, 25, 14, 8
MM, 37, 12, 8
MM, 9, 10, 16
MM, 17, 10, 8
MM, 28, 8, 8
MM, 35, 5, 8
MM, 7, 2, 16
MM, 18, 2, 7
MM, 29, 0, 8
MM, 25, 31, 72
MC, 1, 385
MM, 25, 30, 120
MM, 21, 28, 16
MM, 19, 27, 7
MM, 17, 27, 8
MM, 15, 27, 8
MM, 10, 27, 9
MM, 6, 27, 7
MM, 2, 27, 8
MM, 41, 26, 17
MM, 37, 24, 8
MM, 29, 24, 7
MM, 20, 22, 8
MM, 14, 21, 9
MM, 5, 19, 7
MM, 40, 11, 25
MM, 35, 10, 7
MM, 32, 7, 8
MM, 30, 4, 9
MM, 28, 3, 8
MM, 26, 0, 7
MM, 37, 30, 73
MM, 37, 29, 8
MM, 37, 28, 16
MM, 35, 28, 8
MM, 35, 27, 7
MM, 34, 27, 17
MM, 34, 26, 8
MM, 33, 25, 17
MM, 32, 24, 15
MM, 31, 22, 8
MM, 30, 21, 16
MM, 29, 20, 7
MM, 26, 19, 17
MM, 23, 18, 7
MM, 22, 16, 8
MC, 1, 153
MM, 21, 16, 8
MM, 20, 17, 15
MM, 18, 18, 8
MM, 13, 19, 9
MM, 7, 22, 7
MM, 38, 22, 16
MM, 27, 22, 8
MM, 11, 22, 9
MC, 1, 488
MM, 40, 1, 80
MM, 2, 13, 16
MM, 7, 17, 8
MM, 11, 20, 7
MM, 16, 25, 8
MM, 19, 28, 9
MM, 22, 31, 7
MM, 41, 0, 137
MM, 1, 4, 23
MM, 3, 4, 8
MM, 6, 6, 8
MM, 7, 7, 9
MM, 8, 7, 7
MM, 10, 7, 8
MM, 9, 7, 137
MC, 1, 256
MM, 8, 7, 71
MM, 8, 5, 8
MM, 7, 4, 8
MM, 6, 3, 9
MM, 4, 2, 7
MM, 43, 31, 24
MM, 42, 29, 8
MM, 41, 27, 8
MM, 38, 25, 9
MM, 37, 22, 7
MM, 36, 21, 8
MM, 35, 20, 8
MM, 34, 19, 10
MM, 32, 18, 7
MM, 31, 16, 7
MM, 30, 15, 8
MM, 26, 13, 9
MM, 23, 11, 8
MM, 19, 10, 7
MM, 15, 7, 9
MM, 8, 2, 8
MM, 4, 0, 8
MP, 1, 256
MR, 1, 104
MC, 1, 0
MC, 1, 552
MC, 1, 684
MC, 2, 180
MM, 4, 24, 127
MM, 15, 24, 8
MM, 28, 24, 10
MM, 11, 23, 14
MM, 27, 23, 9
MM, 40, 23, 7
MM, 6, 23, 8
MM, 12, 22, 8
MM, 15, 22, 9
MM, 9, 25, 416
MM, 6, 25, 8
MM, 3, 27, 8
MM, 1, 30, 8
MM, 14, 1, 31
MM, 9, 3, 8
MM, 3, 3, 8
MM, 41, 3, 16
MM, 37, 3, 8
MM, 31, 3, 8
MM, 25, 3, 9
MM, 19, 3, 8
MM, 11, 3, 8
MM, 5, 3, 8
MM, 39, 0, 16
MC, 1, 656
MM, 43, 3, 136
MM, 41, 3, 17
MM, 40, 4, 6
MM, 39, 4, 8
MM, 39, 5, 8
MM, 38, 5, 8
MM, 38, 6, 10
MM, 37, 6, 7
MM, 37, 7, 8
MM, 36, 7, 9
MM, 35, 7, 6
MM, 34, 8, 17
MM, 32, 10, 16
MM, 31, 10, 8
MM, 30, 11, 8
MM, 29, 12, 8
MM, 28, 12, 7
MM, 27, 13, 8
MM, 26, 13, 18
MC, 1, 223
MM, 26, 17, 23
MM, 29, 21, 8
MM, 30, 26, 8
MM, 33, 30, 10
MM, 43, 2, 14
MM, 2, 11, 17
MM, 6, 15, 8
MM, 9, 18, 7
MM, 12, 20, 9
MM, 15, 22, 8
MM, 16, 24, 8
MM, 17, 24, 8
MM, 17, 25, 8
MM, 18, 25, 8
MM, 19, 26, 8
MM, 21, 26, 8
MM, 21, 27, 8
MM, 22, 27, 8
MM, 23, 28, 8
MM, 24, 29, 16
MM, 26, 31, 8
MM, 26, 2, 32
MM, 29, 7, 7
MM, 35, 10, 8
MM, 40, 15, 8
MM, 43, 17, 9
MM, 47, 20, 7
MM, 49, 23, 8
MM, 51, 25, 8
MM, 52, 26, 9
MM, 54, 27, 7
MM, 52, 27, 312
MM, 51, 25, 9
MM, 48, 24, 8
MM, 46, 23, 9
MM, 41, 20, 7
MM, 38, 18, 8
MM, 34, 15, 8
MM, 29, 11, 8
MM, 25, 6, 8
MM, 20, 1, 8
MM, 21, 31, 16
MM, 16, 26, 8
MM, 13, 22, 8
MM, 10, 17, 8
MM, 9, 15, 8
MM, 9, 14, 7
MM, 9, 11, 8
MM, 9, 9, 8
MM, 9, 6, 8
MM, 9, 4, 8
MM, 9, 1, 8
MM, 9, 0, 8
MM, 9, 31, 33
MM, 9, 28, 8
MM, 9, 27, 8
MM, 9, 25, 8
MM, 9, 23, 7
MM, 9, 22, 9
MM, 7, 20, 7
MM, 7, 19, 8
MM, 6, 16, 8
MM, 5, 15, 8
MM, 5, 14, 8
MM, 4, 13, 8
MM, 3, 12, 9
MM, 2, 10, 8
MM, 42, 6, 23
MM, 39, 5, 11
MM, 35, 2, 6
MC, 1, 392
MM, 0, 30, 272
MM, 3, 30, 8
MM, 7, 28, 9
MM, 13, 27, 6
MM, 19, 25, 9
MM, 24, 25, 7
MM, 30, 25, 9
MM, 34, 25, 8
MM, 38, 25, 8
MM, 41, 24, 7
MM, 42, 24, 9
MM, 42, 23, 32
MM, 42, 21, 168
MM, 43, 21, 8
MM, 0, 18, 31
MM, 3, 18, 8
MM, 6, 18, 8
MM, 8, 16, 10
MM, 9, 16, 14
MM, 11, 16, 105
MM, 12, 16, 16
MC, 1, 216
MM, 13, 17, 17
MM, 14, 18, 6
MM, 16, 20, 8
MM, 23, 25, 8
MM, 30, 29, 10
MM, 36, 1, 23
MM, 4, 6, 16
MM, 13, 8, 7
MM, 22, 11, 9
MM, 26, 16, 8
MM, 35, 16, 8
MM, 39, 17, 8
MM, 43, 17, 8
MM, 46, 17, 8
MM, 46, 17, 368
MM, 46, 16, 8
MM, 45, 16, 8
MM, 44, 16, 8
MC, 1, 320
MC, 2, 176
MM, 43, 16, 88
MM, 41, 16, 8
MM, 39, 19, 8
MM, 34, 22, 7
MM, 30, 23, 8
MM, 25, 30, 8
MM, 12, 0, 17
MM, 3, 3, 8
MM, 35, 11, 16
MM, 29, 12, 7
MM, 24, 17, 8
MM, 18, 20, 8
MM, 13, 21, 10
MM, 10, 23, 6
MM, 8, 24, 8
MM, 8, 27, 8
MM, 5, 27, 10
MM, 3, 27, 6
MM, 1, 27, 8
MM, 0, 27, 18
MM, 43, 28, 22
MM, 40, 29, 8
MM, 36, 29, 9
MM, 200, 1, 39
MM, 197, 3, 9
MM, 196, 5, 8
MM, 193, 6, 8
MM, 191, 6, 7
MM, 188, 7, 9
MM, 186, 7, 8
MM, 184, 7, 7
MM, 183, 7, 16
MM, 182, 7, 57
MC, 1, 168
MM, 181, 7, 40
MM, 181, 6, 8
MM, 181, 4, 8
MM, 181, 1, 7
MM, 37, 29, 32
MM, 36, 28, 8
MM, 35, 26, 8
MM, 33, 24, 9
MM, 32, 23, 15
MM, 31, 23, 8
MM, 31, 22, 9
MC, 1, 216
MM, 32, 21, 40
MM, 35, 20, 8
MM, 38, 18, 9
MM, 40, 16, 6
MM, 6, 9, 25
MM, 8, 8, 7
MM, 15, 5, 8
MM, 19, 2, 8
MM, 34, 29, 25
MM, 41, 24, 8
MM, 2, 17, 16
MM, 6, 14, 8
MM, 9, 12, 8
MM, 12, 9, 7
MM, 15, 6, 9
MM, 16, 3, 7
MM, 17, 0, 8
MM, 0, 26, 128
MM, 1, 23, 8
MM, 2, 22, 9
MM, 3, 21, 8
MM, 4, 20, 7
MM, 7, 20, 9
MM, 7, 19, 8
MM, 8, 19, 8
MM, 8, 18, 8
MM, 9, 18, 16
MC, 1, 216
MM, 6, 18, 24
MM, 5, 19, 8
MM, 3, 20, 8
MM, 0, 20, 9
MM, 25, 26, 23
MM, 16, 30, 7
MM, 27, 31, 162
MM, 21, 30, 7
MM, 14, 27, 8
MM, 8, 25, 7
MM, 4, 22, 9
MC, 1, 376
MM, 20, 7, 56
MM, 20, 15, 9
MM, 20, 24, 7
MM, 20, 5, 16
MM, 20, 13, 8
MM, 19, 19, 8
MM, 19, 25, 7
MM, 19, 29, 9
MM, 109, 0, 23
MM, 109, 1, 10
MM, 109, 2, 87
MM, 109, 3, 8
MM, 109, 4, 8
MM, 109, 5, 8
MM, 108, 7, 7
MM, 108, 8, 8
MM, 108, 9, 8
MM, 108, 10, 8
MM, 108, 11, 8
MM, 108, 14, 10
MC, 1, 191
MM, 108, 13, 8
MM, 107, 12, 8
MM, 107, 10, 8
MM, 104, 9, 8
MM, 104, 4, 8
MM, 101, 0, 8
MM, 10, 30, 16
MM, 9, 26, 8
MM, 7, 21, 8
MM, 4, 17, 8
MM, 3, 12, 8
MM, 0, 10, 8
MM, 41, 1, 23
MM, 36, 31, 25
MM, 34, 28, 8
MM, 33, 25, 8
MM, 32, 24, 9
MM, 30, 22, 7
MM, 30, 20, 8
MM, 29, 19, 8
MM, 28, 18, 9
MM, 27, 17, 15
MM, 26, 14, 7
MM, 23, 14, 9
MM, 20, 12, 7
MM, 19, 10, 8
MM, 18, 9, 8
MM, 17, 9, 8
MM, 16, 8, 8
MM, 15, 7, 9
MM, 15, 6, 7
MM, 15, 5, 17
MM, 13, 5, 16
MM, 13, 4, 8
MM, 12, 2, 23
MM, 12, 1, 9
MM, 12, 0, 7
MC, 1, 353
MM, 3, 22, 87
MM, 19, 22, 8
MM, 35, 22, 9
MM, 28, 22, 25
MM, 37, 22, 6
MM, 43, 21, 8
MM, 1, 15, 248
MM, 2, 15, 8
MM, 3, 15, 9
MM, 5, 15, 7
MM, 6, 15, 8
MM, 9, 15, 8
MM, 10, 15, 9
MM, 11, 15, 7
MM, 11, 14, 8
MM, 12, 14, 8
MC, 1, 289
MM, 13, 14, 16
MM, 16, 15, 8
MM, 20, 18, 8
MM, 29, 20, 8
MM, 6, 24, 16
MM, 15, 25, 7
MM, 21, 25, 8
MM, 27, 25, 8
MM, 33, 25, 8
MM, 2, 25, 16
MM, 7, 25, 8
MM, 9, 23, 8
MM, 12, 22, 8
MM, 13, 22, 8
MM, 14, 21, 8
MM, 15, 21, 9
MM, 17, 21, 7
MM, 17, 20, 8
MM, 19, 19, 8
MM, 22, 19, 8
MM, 24, 19, 8
MM, 27, 19, 8
MM, 30, 17, 8
MM, 31, 17, 8
MM, 32, 17, 8
MM, 29, 16, 240
MM, 28, 16, 16
MM, 27, 16, 16
MM, 27, 17, 9
MM, 25, 17, 7
MM, 24, 18, 8
MM, 21, 18, 8
MM, 19, 18, 9
MM, 16, 20, 7
MM, 12, 20, 8
MM, 7, 20, 8
MM, 3, 20, 9
MM, 34, 20, 15
MM, 26, 20, 8
MM, 15, 20, 9
MM, 4, 20, 7
MM, 30, 20, 8
MM, 17, 20, 9
MM, 5, 22, 8
MM, 39, 21, 7
MM, 26, 21, 8
MM, 12, 21, 8
MM, 40, 19, 16
MM, 29, 19, 9
MM, 23, 19, 7
MM, 17, 17, 9
MM, 15, 17, 8
MM, 12, 17, 9
MM, 9, 17, 6
MM, 8, 17, 8
MM, 6, 17, 17
MM, 3, 17, 7
MM, 1, 16, 8
MC, 1, 945
MM, 15, 0, 72
MM, 27, 4, 8
MM, 41, 10, 8
MM, 5, 14, 8
MM, 22, 23, 8
MM, 39, 29, 8
MM, 20, 1, 23
MM, 29, 5, 9
MM, 36, 6, 8
MM, 42, 8, 8
MM, 1, 9, 24
MM, 1, 10, 80
MM, 1, 11, 25
MM, 0, 11, 6
MM, 0, 12, 8
MM, 43, 14, 40
MM, 42, 14, 10
MM, 41, 14, 19
MM, 40, 14, 3
MM, 39, 14, 1
MM, 37, 15, 7
MM, 36, 15, 9
MM, 35, 15, 15
MM, 34, 15, 24
MM, 33, 15, 32
MM, 32, 15, 24
MC, 1, 177
MM, 32, 17, 31
MM, 32, 21, 8
MM, 30, 26, 8
MM, 30, 30, 8
MM, 166, 0, 16
MM, 163, 4, 8
MM, 163, 7, 8
MM, 160, 10, 8
MM, 159, 13, 8
MM, 157, 14, 8
MM, 156, 15, 9
MM, 155, 15, 8
MM, 155, 16, 16
MM, 155, 17, 16
MC, 1, 240
MM, 154, 17, 184
MM, 153, 17, 97
MM, 152, 17, 19
MM, 151, 17, 3
MM, 149, 17, 8
MM, 148, 17, 16
MM, 146, 17, 88
MM, 145, 17, 16
MM, 142, 17, 8
MM, 140, 17, 8
MM, 139, 17, 8
MM, 136, 17, 8
MM, 130, 15, 17
MM, 126, 14, 8
MM, 123, 13, 8
MM, 117, 11, 8
MM, 110, 8, 7
MM, 101, 4, 8
MM, 36, 30, 41
MM, 32, 27, 7
MM, 27, 24, 8
MM, 25, 21, 8
MM, 22, 20, 8
MM, 17, 17, 9
MM, 15, 16, 8
MM, 10, 13, 8
MM, 9, 12, 8
MM, 5, 9, 8
MM, 4, 9, 8
MM, 1, 6, 8
MM, 0, 5, 8
MM, 32, 31, 79
MM, 31, 30, 8
MM, 28, 29, 8
MM, 26, 27, 9
MM, 23, 24, 7
MM, 20, 23, 9
MM, 17, 22, 8
MM, 14, 20, 8
MM, 12, 19, 8
MM, 11, 18, 8
MM, 8, 18, 8
MM, 7, 18, 7
MM, 6, 17, 9
MM, 3, 15, 16
MM, 3, 14, 8
MM, 2, 14, 8
MM, 1, 13, 9
MM, 42, 6, 55
MM, 41, 4, 9
MM, 40, 3, 6
MM, 40, 2, 8
MM, 3, 13, 985
MM, 7, 13, 7
MM, 13, 13, 8
MM, 18, 13, 9
MM, 19, 13, 7
MM, 21, 13, 9
MM, 22, 13, 16
MM, 23, 13, 7
MM, 26, 13, 9
MM, 27, 13, 7
MM, 29, 13, 9
MM, 32, 13, 7
MM, 34, 13, 10
MM, 36, 13, 7
MM, 37, 13, 72
MM, 38, 13, 8
MM, 39, 13, 7
MM, 40, 13, 9
MM, 43, 13, 8
MM, 5, 13, 24
MM, 11, 13, 8
MM, 16, 13, 8
MM, 18, 13, 8
MM, 21, 13, 8
MM, 22, 13, 8
MM, 21, 13, 168
MC, 1, 184
MM, 21, 16, 15
MM, 21, 18, 9
MM, 21, 21, 8
MM, 23, 29, 8
MM, 16, 4, 16
MM, 19, 9, 7
MM, 21, 15, 9
MM, 22, 21, 8
MM, 24, 27, 8
MM, 27, 1, 32
MM, 27, 4, 8
MM, 25, 5, 8
MM, 24, 8, 8
MM, 23, 9, 8
MM, 22, 10, 8
MM, 21, 10, 8
MM, 20, 10, 16
MM, 18, 10, 8
MM, 17, 10, 8
MM, 16, 10, 16
MM, 15, 10, 8
MM, 14, 10, 8
MM, 13, 10, 7
MM, 10, 10, 8
MM, 9, 10, 8
MM, 7, 10, 8
MM, 6, 10, 8
MM, 3, 10, 8
MM, 2, 10, 8
MM, 1, 10, 8
MM, 0, 10, 50
MM, 42, 10, 87
MM, 41, 10, 7
MM, 38, 10, 8
MM, 37, 11, 8
MM, 36, 11, 9
MM, 33, 11, 9
MM, 32, 12, 8
MM, 31, 12, 6
MM, 30, 12, 8
MM, 29, 12, 17
MC, 1, 200
MM, 28, 10, 71
MM, 27, 8, 8
MM, 24, 6, 9
MM, 21, 3, 8
MM, 12, 29, 24
MM, 9, 25, 7
MM, 8, 21, 8
MM, 5, 16, 8
MM, 3, 12, 8
MM, 2, 7, 8
MM, 4, 31, 216
MM, 1, 30, 8
MC, 1, 369
MM, 9, 23, 55
MM, 19, 23, 8
MM, 33, 23, 8
MM, 15, 23, 16
MM, 28, 23, 8
MM, 39, 23, 8
MM, 0, 23, 8
MM, 11, 23, 10
MM, 22, 23, 8
MM, 31, 22, 7
MM, 0, 22, 23
MM, 1, 21, 9
MM, 0, 21, 208
MM, 34, 21, 48
MM, 32, 21, 7
MM, 31, 21, 8
MM, 30, 21, 8
MM, 29, 21, 9
MM, 28, 21, 56
MM, 28, 20, 15
MM, 27, 20, 8
MM, 26, 20, 8
MM, 24, 20, 9
MM, 23, 19, 7
MM, 22, 19, 17
MM, 21, 19, 15
MM, 22, 19, 234
MM, 23, 19, 15
MC, 1, 164
MM, 25, 20, 52
MM, 26, 21, 8
MM, 27, 22, 8
MM, 28, 23, 9
MM, 29, 24, 7
MM, 33, 27, 8
MM, 1, 31, 23
MM, 1, 1, 169
MM, 3, 1, 7
MM, 6, 2, 8
MM, 7, 2, 8
MM, 10, 3, 10
MM, 14, 6, 7
MM, 17, 6, 7
MM, 18, 7, 8
MM, 19, 7, 17
MM, 19, 8, 24
MM, 20, 8, 39
MM, 20, 10, 16
MM, 20, 11, 10
MM, 21, 12, 6
MM, 21, 13, 16
MM, 21, 14, 17
MM, 21, 15, 15
MM, 21, 16, 9
MM, 21, 18, 23
MC, 1, 177
MC, 2, 176
MM, 21, 19, 153
MM, 20, 19, 6
MM, 17, 22, 8
MM, 13, 26, 8
MM, 5, 1, 16
MM, 36, 16, 16
MM, 27, 22, 8
MM, 20, 25, 8
MM, 15, 30, 8
MM, 220, 2, 177
MM, 217, 2, 8
MM, 213, 2, 7
MM, 210, 2, 8
MM, 208, 2, 9
MM, 205, 2, 8
MM, 203, 2, 7
MM, 202, 2, 8
MM, 200, 2, 9
MM, 199, 2, 248
MM, 198, 3, 24
MM, 198, 4, 7
MM, 197, 6, 16
MM, 197, 7, 10
MM, 197, 8, 14
MM, 197, 9, 18
MM, 197, 10, 6
MM, 195, 10, 8
MM, 195, 13, 8
MM, 193, 14, 9
MM, 192, 15, 15
MC, 1, 297
MM, 191, 15, 855
MM, 190, 15, 24
MM, 189, 15, 24
MM, 188, 15, 21
MM, 187, 15, 3
MM, 186, 15, 8
MM, 183, 15, 8
MM, 182, 15, 8
MM, 179, 14, 8
MM, 177, 12, 8
MM, 174, 9, 8
MM, 173, 8, 8
MM, 172, 7, 8
MM, 170, 5, 10
MM, 170, 2, 6
MM, 23, 29, 26
MM, 22, 27, 6
MM, 20, 24, 8
MM, 19, 19, 8
MM, 16, 15, 9
MM, 14, 9, 8
MM, 13, 6, 9
MM, 12, 3, 7
MM, 12, 1, 8
MM, 10, 0, 8
MM, 5, 31, 48
MM, 4, 30, 8
MM, 4, 28, 8
MM, 4, 27, 8
MM, 4, 26, 15
MM, 4, 25, 8
MM, 3, 24, 16
MM, 3, 23, 8
MM, 3, 22, 24
MM, 3, 20, 16
MM, 2, 20, 10
MM, 2, 19, 6
MM, 0, 19, 8
MM, 0, 17, 18
MM, 46, 8, 103
MM, 44, 7, 7
MM, 43, 5, 8
MM, 42, 4, 8
MM, 41, 3, 9
MM, 41, 1, 16
MM, 40, 1, 8
MM, 40, 0, 8
MM, 2, 9, 544
MM, 13, 11, 9
MM, 24, 11, 6
MM, 38, 13, 8
MM, 12, 13, 8
MM, 31, 15, 9
MM, 2, 15, 8
MM, 21, 15, 7
MM, 8, 15, 17
MM, 24, 15, 8
MM, 30, 15, 8
MM, 34, 15, 8
MM, 1, 11, 56
MM, 3, 11, 8
MM, 4, 9, 8
MM, 6, 9, 7
MM, 11, 9, 8
MM, 13, 9, 8
MM, 19, 9, 10
MM, 24, 9, 8
MM, 26, 9, 8
MM, 30, 9, 7
MM, 46, 7, 1432
MM, 43, 10, 7
MM, 40, 13, 8
MM, 38, 16, 8
MM, 33, 19, 10
MM, 28, 23, 20
MM, 24, 26, 1
MM, 19, 31, 2
MM, 11, 0, 15
MM, 7, 4, 8
MM, 0, 8, 8
MM, 42, 19, 16
MM, 35, 24, 8
MM, 30, 29, 8
MM, 214, 18, 41
MM, 203, 22, 7
MM, 192, 22, 8
MM, 183, 23, 9
MM, 175, 23, 7
MM, 172, 23, 9
MM, 171, 23, 7
MM, 170, 23, 8
MC, 1, 313
MM, 169, 23, 32
MM, 169, 21, 8
MM, 169, 18, 8
MM, 169, 12, 8
MM, 167, 8, 7
MM, 166, 2, 8
MM, 22, 29, 25
MM, 19, 26, 8
MM, 19, 25, 7
MM, 17, 23, 9
MM, 16, 20, 8
MM, 15, 19, 8
MM, 12, 15, 7
MM, 12, 11, 9
MM, 11, 8, 8
MM, 10, 5, 8
MM, 8, 3, 7
MM, 7, 0, 9
MM, 1, 29, 32
MM, 1, 28, 8
MM, 1, 27, 8
MM, 0, 24, 8
MM, 46, 2, 200
MM, 45, 2, 16
MM, 43, 1, 8
MM, 42, 1, 15
MC, 1, 489
MM, 44, 0, 80
MM, 44, 1, 8
MM, 45, 2, 15
MM, 46, 3, 17
MM, 1, 13, 112
MM, 2, 15, 8
MM, 3, 16, 8
MM, 4, 17, 8
MM, 5, 18, 8
MM, 6, 19, 8
MM, 7, 20, 16
MM, 11, 21, 8
MM, 16, 23, 8
MM, 20, 24, 8
MM, 24, 24, 7
MM, 29, 27, 8
MM, 35, 29, 8
MM, 36, 29, 9
MM, 37, 29, 20
MM, 35, 29, 348
MM, 34, 29, 40
MM, 31, 28, 24
MM, 30, 28, 16
MM, 28, 26, 8
MM, 25, 25, 8
MM, 22, 22, 8
MM, 14, 19, 8
MM, 2, 15, 8
MM, 43, 9, 7
MM, 29, 1, 8
MC, 1, 633
MM, 3, 16, 232
MM, 8, 16, 8
MM, 10, 16, 7
MM, 13, 16, 9
MM, 14, 16, 7
MM, 15, 16, 16
MM, 13, 16, 272
MM, 11, 18, 8
MM, 11, 20, 8
MM, 10, 24, 9
MM, 9, 29, 7
MM, 43, 6, 16
MM, 40, 13, 9
MM, 40, 19, 7
MM, 37, 29, 8
MM, 35, 2, 8
MM, 33, 8, 8
MM, 33, 14, 9
MM, 32, 21, 17
MM, 32, 23, 2
MM, 32, 26, 4
MM, 30, 27, 8
MM, 30, 28, 9
MM, 30, 29, 15
MM, 30, 30, 25
MM, 29, 31, 8
MM, 116, 0, 48
MM, 115, 3, 8
MM, 113, 6, 7
MM, 112, 7, 8
MM, 111, 11, 8
MM, 110, 14, 8
MM, 110, 18, 8
MM, 108, 21, 8
MM, 107, 25, 8
MM, 105, 28, 8
MM, 104, 29, 8
MM, 103, 31, 9
MM, 102, 32, 7
MM, 102, 34, 9
MM, 102, 35, 7
MM, 101, 35, 9
MM, 101, 36, 8
MC, 1, 200
MM, 101, 35, 32
MM, 101, 33, 8
MM, 101, 32, 8
MM, 101, 31, 8
MM, 101, 29, 8
MM, 101, 28, 7
MM, 99, 25, 8
MM, 98, 24, 10
MM, 97, 23, 6
MM, 93, 19, 8
MM, 90, 16, 8
MM, 88, 15, 9
MM, 83, 10, 8
MM, 79, 9, 8
MM, 74, 4, 7
MM, 8, 26, 24
MM, 4, 23, 8
MM, 40, 11, 16
MM, 33, 6, 9
MM, 29, 3, 8
MM, 26, 0, 7
MM, 14, 31, 24
MM, 13, 28, 8
MM, 8, 27, 8
MM, 7, 24, 9
MM, 6, 23, 7
MM, 4, 23, 8
MM, 1, 22, 8
MM, 0, 20, 9
MM, 42, 18, 33
MM, 41, 17, 6
MM, 39, 17, 8
MM, 38, 17, 8
MM, 37, 16, 9
MM, 36, 15, 8
MM, 34, 13, 8
MM, 32, 13, 7
MM, 31, 12, 9
MM, 30, 12, 8
MM, 27, 11, 8
MM, 26, 11, 7
MM, 25, 11, 9
MM, 22, 11, 7
MM, 21, 11, 9
MM, 19, 11, 7
MM, 16, 11, 9
MM, 14, 11, 7
MM, 13, 11, 8
MM, 10, 11, 8
MM, 8, 11, 8
MM, 7, 11, 9
MM, 4, 11, 8
MM, 3, 11, 18
MM, 2, 11, 1
MM, 1, 11, 5
MM, 0, 11, 16
MM, 43, 11, 24
MM, 41, 11, 8
MM, 37, 11, 8
MM, 32, 12, 8
MM, 28, 12, 7
MM, 24, 12, 9
MM, 19, 12, 8
MM, 17, 12, 8
MM, 16, 12, 8
MM, 15, 12, 63
MM, 13, 12, 17
MM, 12, 12, 9
MC, 1, 183
MM, 15, 12, 16
MM, 19, 12, 7
MM, 25, 12, 8
MM, 35, 12, 8
MM, 5, 7, 17
MM, 17, 5, 8
MM, 21, 4, 8
MM, 27, 0, 8
MC, 1, 1104
MM, 21, 4, 47
MM, 23, 11, 8
MM, 24, 17, 8
MM, 26, 23, 8
MM, 29, 27, 9
MM, 35, 4, 16
MM, 39, 13, 8
MM, 42, 16, 8
MM, 0, 27, 16
MM, 49, 0, 47
MM, 50, 1, 16
MM, 50, 2, 41
MM, 50, 4, 9
MM, 51, 5, 14
MM, 51, 7, 8
MM, 51, 10, 17
MM, 51, 12, 8
MM, 51, 13, 8
MM, 51, 14, 8
MM, 51, 16, 8
MM, 51, 18, 8
MM, 51, 19, 8
MM, 52, 19, 16
MM, 60, 15, 264
MM, 66, 13, 7
MM, 75, 12, 8
MM, 84, 10, 8
MM, 95, 8, 9
MM, 109, 2, 7
MM, 32, 30, 24
MM, 1, 24, 9
MM, 20, 17, 7
MM, 39, 15, 8
MM, 3, 12, 8
MM, 14, 8, 8
MM, 23, 7, 8
MM, 32, 3, 8
MM, 12, 30, 41
MM, 14, 28, 7
MM, 17, 26, 8
MM, 20, 25, 8
MM, 20, 24, 9
MM, 21, 23, 8
MM, 22, 22, 7
MM, 23, 20, 9
MM, 25, 18, 8
MM, 25, 17, 8
MM, 26, 16, 8
MM, 27, 14, 7
MM, 29, 13, 9
MM, 29, 12, 8
MM, 29, 11, 7
MM, 29, 10, 8
MM, 29, 9, 25
MM, 29, 8, 15
MM, 29, 6, 17
MM, 30, 5, 8
MM, 30, 4, 7
MM, 32, 3, 9
MM, 33, 3, 8
MM, 34, 2, 8
MM, 34, 1, 7
MM, 35, 0, 8
MM, 16, 30, 32
MM, 16, 29, 10
MM, 16, 27, 6
MM, 17, 26, 8
MM, 17, 25, 8
MM, 17, 23, 16
MM, 17, 22, 16
MM, 17, 21, 33
MC, 1, 215
MM, 16, 21, 8
MM, 15, 21, 9
MM, 14, 21, 19
MM, 14, 22, 2
MM, 11, 24, 2
MM, 8, 25, 8
MM, 4, 25, 8
MM, 0, 25, 8
MM, 33, 25, 24
MM, 32, 25, 8
MM, 31, 25, 8
MM, 30, 25, 17
MM, 29, 25, 8
MM, 28, 25, 7
MM, 26, 25, 8
MM, 24, 25, 8
MM, 21, 25, 9
MM, 20, 25, 7
MM, 18, 25, 8
MM, 15, 25, 8
MM, 13, 25, 10
MM, 10, 25, 6
MM, 8, 25, 8
MM, 5, 25, 8
MM, 4, 25, 9
MM, 3, 25, 8
MM, 0, 25, 8
MM, 35, 25, 40
MM, 34, 25, 8
MM, 33, 25, 8
MM, 32, 25, 8
MM, 31, 24, 8
MM, 30, 24, 8
MM, 27, 22, 8
MM, 24, 21, 8
MM, 22, 21, 8
MM, 19, 21, 8
MM, 18, 20, 8
MM, 17, 20, 16
MM, 16, 19, 31
MM, 15, 19, 16
MM, 14, 18, 16
MM, 12, 18, 16
MC, 1, 169
MM, 11, 19, 23
MM, 10, 24, 8
MM, 7, 28, 8
MM, 36, 1, 17
MM, 31, 6, 8
MM, 24, 11, 21
MM, 20, 16, 1
MM, 15, 20, 2
MM, 8, 25, 8
MM, 4, 28, 8
MM, 1, 31, 8
MM, 0, 0, 24
MM, 42, 7, 39
MM, 41, 7, 8
MM, 40, 7, 17
MM, 39, 7, 8
MM, 38, 7, 16
MM, 38, 8, 8
MM, 37, 9, 7
MM, 36, 9, 8
MM, 33, 11, 8
MM, 31, 11, 8
MM, 25, 11, 8
MM, 22, 11, 8
MM, 18, 11, 9
MM, 13, 12, 8
MM, 9, 12, 7
MM, 6, 13, 8
MM, 4, 13, 9
MM, 1, 13, 7
MM, 43, 13, 40
MM, 40, 13, 8
MM, 39, 13, 9
MM, 35, 13, 7
MM, 32, 13, 9
MM, 28, 13, 8
MM, 24, 13, 8
MM, 21, 13, 7
MM, 17, 13, 8
MM, 15, 13, 8
MM, 12, 13, 8
MM, 11, 13, 8
MM, 8, 13, 8
MM, 6, 13, 8
MM, 1, 13, 8
MM, 42, 13, 24
MM, 41, 13, 8
MM, 38, 13, 8
MM, 37, 13, 8
MM, 36, 13, 8
MM, 35, 13, 16
MM, 34, 13, 170
MM, 31, 13, 7
MM, 29, 13, 16
MM, 28, 13, 9
MM, 27, 13, 15
MM, 25, 13, 8
MM, 24, 13, 9
MM, 23, 13, 15
MM, 22, 13, 8
MM, 20, 13, 8
MM, 19, 13, 8
MM, 17, 13, 15
MM, 16, 13, 17
MM, 15, 13, 8
MM, 14, 13, 8
MM, 13, 13, 8
MM, 10, 13, 24
MM, 5, 13, 1
MM, 5, 14, 7
MM, 4, 14, 7
MM, 3, 14, 8
MM, 2, 14, 8
MM, 1, 14, 17
MM, 0, 14, 64
MM, 43, 14, 239
MM, 42, 14, 25
MM, 40, 14, 24
MM, 39, 14, 16
MM, 38, 14, 16
MM, 37, 14, 8
MM, 37, 13, 7
MM, 36, 13, 16
MM, 35, 13, 9
MM, 34, 13, 15
MM, 33, 13, 41
MM, 30, 13, 15
MM, 29, 13, 8
MM, 26, 13, 8
MM, 24, 13, 9
MM, 23, 13, 7
MM, 22, 13, 8
MC, 1, 216
MM, 24, 13, 32
MM, 28, 13, 8
MM, 34, 13, 8
MM, 42, 13, 9
MM, 3, 13, 9
MM, 19, 13, 7
MM, 31, 11, 8
MM, 13, 11, 16
MM, 32, 9, 8
MM, 14, 9, 16
MM, 24, 9, 8
MM, 33, 8, 9
MM, 40, 4, 19
MM, 42, 3, 2
MM, 42, 31, 203
MM, 42, 30, 6
MM, 43, 29, 8
MM, 43, 27, 17
MM, 1, 25, 39
MM, 3, 25, 8
MM, 4, 25, 8
MM, 7, 25, 8
MM, 9, 25, 10
MM, 12, 25, 7
MM, 14, 25, 7
MM, 17, 25, 8
MM, 20, 24, 9
MM, 22, 24, 7
MM, 23, 22, 9
MM, 24, 22, 7
MM, 26, 21, 9
MM, 27, 21, 7
MM, 28, 21, 8
MM, 29, 20, 9
MM, 30, 20, 8
MC, 1, 232
MM, 29, 20, 47
MM, 28, 20, 9
MM, 25, 20, 9
MM, 23, 20, 6
MM, 20, 20, 8
MM, 18, 20, 8
MM, 15, 20, 9
MM, 11, 20, 7
MM, 7, 20, 9
MM, 2, 20, 7
MM, 42, 20, 16
MM, 31, 20, 8
MM, 22, 16, 8
MM, 13, 14, 9
MM, 2, 13, 8
MM, 37, 9, 24
MM, 28, 8, 7
MM, 22, 4, 8
MM, 16, 3, 8
MM, 5, 31, 16
MC, 1, 1105
MM, 8, 2, 63
MM, 8, 7, 8
MM, 8, 11, 8
MM, 8, 15, 8
MM, 8, 18, 8
MM, 9, 20, 8
MM, 9, 22, 8
MM, 9, 23, 8
MM, 10, 23, 8
MC, 1, 305
MM, 14, 24, 48
MM, 21, 27, 8
MM, 32, 27, 8
MM, 40, 29, 9
MM, 4, 31, 6
MM, 3, 1, 25
MM, 22, 5, 7
MM, 18, 16, 16
MM, 35, 21, 9
MM, 13, 27, 15
MM, 21, 28, 8
MM, 27, 28, 9
MM, 30, 28, 8
MM, 33, 28, 7
MM, 34, 28, 18
MM, 35, 28, 32
MM, 36, 28, 6
MM, 37, 28, 8
MM, 37, 27, 8
MM, 40, 27, 9
MM, 41, 27, 7
MM, 43, 27, 8
MM, 0, 26, 33
MM, 1, 26, 8
MM, 3, 26, 8
MM, 4, 26, 8
MM, 6, 25, 8
MM, 9, 25, 8
MM, 10, 25, 8
MM, 11, 25, 8
MM, 12, 25, 8
MM, 13, 25, 8
MM, 15, 24, 8
MM, 17, 24, 16
MM, 17, 22, 8
MM, 18, 20, 8
MM, 22, 20, 8
MM, 27, 20, 7
MM, 28, 20, 9
MM, 29, 19, 7
MM, 30, 18, 8
MM, 31, 18, 9
MM, 34, 17, 8
MM, 34, 16, 16
MM, 35, 14, 8
MM, 37, 14, 24
MM, 37, 13, 1
MM, 39, 13, 6
MM, 40, 12, 8
MM, 41, 12, 8
MM, 42, 12, 8
MM, 43, 12, 8
MM, 0, 12, 48
MM, 1, 12, 8
MM, 2, 12, 8
MM, 3, 12, 33
MM, 5, 12, 15
MM, 6, 12, 16
MM, 6, 11, 8
MM, 7, 11, 8
MM, 7, 14, 8
MM, 10, 15, 8
MM, 13, 17, 8
MM, 17, 18, 8
MM, 20, 18, 8
MM, 24, 18, 8
MM, 26, 18, 8
MM, 29, 18, 8
MM, 30, 18, 18
MM, 27, 18, 255
MM, 25, 19, 8
MM, 24, 19, 15
MM, 23, 19, 8
MM, 22, 19, 8
MM, 21, 19, 8
MM, 20, 19, 16
MM, 19, 19, 8
MM, 17, 19, 9
MM, 16, 19, 15
MM, 15, 19, 8
MM, 13, 19, 9
MM, 10, 18, 8
MM, 4, 15, 7
MM, 42, 5, 17
MM, 37, 0, 7
MM, 27, 31, 26
MM, 24, 31, 7
MM, 24, 28, 8
MM, 22, 27, 8
MM, 19, 24, 8
MM, 16, 19, 8
MM, 11, 13, 7
MM, 4, 5, 8
MM, 32, 13, 25
MM, 22, 1, 8
MM, 247, 58, 49
MM, 245, 54, 6
MM, 245, 46, 8
MM, 242, 42, 9
MM, 239, 37, 8
MM, 236, 33, 8
MM, 236, 30, 8
MM, 235, 26, 8
MM, 234, 24, 7
MM, 232, 21, 8
MM, 230, 19, 8
MM, 228, 15, 8
MM, 225, 10, 18
MM, 222, 7, 1
MM, 221, 5, 5
MM, 219, 0, 8
MC, 1, 969
MM, 413, 5, 2057
MM, 415, 17, 6
MM, 423, 36, 9
MM, 432, 53, 7
MM, 300, 1, 2803
MM, 300, 2, 14
MM, 300, 3, 7
MM, 300, 4, 9
MM, 300, 5, 15
MM, 300, 6, 9
MM, 300, 7, 8
MM, 300, 9, 8
MM, 300, 10, 8
MM, 300, 11, 8
MM, 300, 12, 8
MM, 300, 13, 15
MM, 300, 14, 17
MM, 300, 15, 7
MM, 300, 17, 9
MM, 300, 18, 8
MM, 300, 19, 16
MM, 300, 20, 8
MM, 300, 21, 8
MM, 300, 22, 16
MM, 300, 23, 8
MM, 300, 24, 29
MM, 301, 24, 451
MM, 302, 23, 8
MM, 304, 22, 8
MM, 305, 20, 8
MM, 308, 17, 7
MM, 309, 14, 8
MM, 312, 10, 8
MM, 315, 7, 8
MM, 320, 2, 8
MM, 295, 2, 714
MM, 289, 14, 7
MM, 285, 23, 8
MM, 280, 33, 8
MM, 278, 44, 9
MM, 275, 48, 7
MM, 271, 57, 8
MM, 43, 10, 47
MM, 43, 21, 8
MM, 30, 0, 16
MM, 30, 4, 8
MM, 30, 8, 8
MM, 31, 11, 8
MM, 31, 17, 8
MM, 32, 20, 8
MM, 32, 22, 8
MM, 32, 27, 9
MM, 33, 29, 8
MM, 0, 2, 64
MM, 1, 2, 7
MM, 4, 2, 8
MM, 5, 2, 8
MM, 6, 0, 8
MM, 11, 0, 8
MM, 36, 29, 32
MM, 8, 17, 16
MM, 22, 11, 8
MM, 31, 3, 8
MM, 29, 25, 24
MM, 1, 18, 17
MM, 4, 12, 7
MM, 8, 9, 9
MM, 11, 4, 8
MM, 13, 1, 8
MM, 403, 62, 121
MM, 402, 58, 6
MM, 399, 55, 8
MM, 397, 52, 22
MM, 396, 49, 2
MM, 393, 45, 1
MM, 390, 44, 7
MM, 387, 41, 9
MM, 386, 38, 8
MM, 383, 37, 7
MM, 382, 34, 10
MM, 381, 34, 7
MM, 378, 31, 8
MM, 377, 31, 8
MM, 376, 31, 8
MM, 375, 30, 8
MM, 374, 29, 8
MM, 373, 28, 7
MM, 371, 27, 8
MM, 369, 25, 8
MM, 366, 24, 8
MM, 364, 24, 8
MM, 361, 23, 8
MM, 358, 21, 8
MM, 354, 21, 8
MM, 351, 21, 9
MM, 349, 21, 7
MM, 346, 21, 8
MM, 342, 21, 8
MM, 339, 22, 8
MM, 337, 22, 8
MM, 334, 23, 9
MM, 331, 24, 7
MM, 330, 27, 8
MM, 327, 27, 8
MM, 327, 30, 8
MM, 326, 31, 17
MM, 326, 32, 15
MM, 326, 33, 8
MM, 326, 34, 16
MM, 326, 35, 16
MM, 326, 37, 32
MM, 326, 38, 81
MM, 326, 39, 16
MM, 326, 40, 16
MM, 326, 41, 8
MM, 326, 42, 15
MM, 326, 43, 8
MM, 326, 45, 8
MM, 326, 46, 8
MM, 326, 47, 8
MM, 326, 48, 8
MM, 327, 49, 8
MM, 329, 50, 17
MM, 329, 51, 8
MM, 329, 53, 7
MM, 329, 54, 9
MM, 330, 55, 8
MM, 330, 56, 8
MM, 331, 57, 8
MM, 331, 58, 8
MM, 331, 59, 8
MM, 332, 60, 7
MM, 332, 62, 16
MM, 332, 63, 16
MM, 339, 62, 218
MM, 341, 59, 7
MM, 342, 57, 8
MM, 342, 54, 8
MM, 343, 51, 8
MM, 345, 50, 8
MM, 346, 49, 8
MM, 348, 48, 8
MM, 350, 45, 8
MM, 351, 44, 8
MM, 352, 43, 8
MM, 352, 42, 8
MM, 352, 41, 8
MM, 353, 41, 15
MM, 353, 39, 8
MM, 353, 38, 8
MM, 354, 38, 16
MM, 354, 37, 8
MM, 357, 36, 8
MM, 357, 33, 8
MM, 357, 32, 8
MM, 358, 31, 8
MM, 358, 30, 8
MM, 358, 29, 8
MM, 359, 26, 8
MM, 359, 25, 8
MM, 359, 24, 8
MM, 360, 24, 8
MM, 360, 23, 8
MM, 360, 20, 8
MM, 362, 18, 16
MM, 363, 18, 9
MM, 363, 15, 7
MM, 363, 13, 8
MM, 364, 12, 8
MM, 365, 11, 8
MM, 366, 9, 8
MM, 366, 8, 8
MM, 366, 7, 32
MM, 367, 7, 9
MM, 317, 61, 158696
MM, 308, 55, 6
MM, 299, 52, 8
MM, 290, 50, 14
MM, 281, 44, 10
MM, 276, 41, 2
MM, 272, 38, 7
MM, 269, 35, 8
MM, 266, 34, 9
MM, 266, 33, 8
MM, 265, 32, 7
MM, 264, 31, 8
MM, 263, 28, 9
MM, 260, 27, 7
MM, 259, 24, 9
MM, 256, 21, 7
MM, 256, 20, 8
MM, 255, 19, 7
MM, 254, 19, 9
MM, 253, 18, 8
MM, 253, 17, 40
MM, 251, 17, 8
MM, 251, 15, 8
MM, 250, 14, 8
MM, 250, 13, 8
MM, 249, 12, 8
MM, 249, 11, 8
MM, 249, 10, 7
MM, 248, 9, 9
MM, 247, 8, 7
MM, 246, 6, 9
MM, 245, 6, 7
MM, 245, 5, 97
MM, 246, 5, 8
MM, 248, 5, 8
MM, 249, 5, 8
MM, 251, 5, 8
MM, 252, 5, 9
MM, 253, 5, 7
MM, 255, 5, 8
MM, 258, 5, 8
MM, 259, 5, 8
MM, 261, 5, 8
MM, 262, 5, 20
MM, 264, 5, 3
MM, 265, 5, 1
MM, 266, 5, 8
MM, 267, 5, 8
MM, 268, 5, 8
MM, 269, 5, 8
MM, 270, 5, 8
MM, 272, 5, 9
MM, 273, 7, 7
MM, 274, 7, 8
MM, 278, 8, 8
MM, 278, 9, 8
MM, 280, 9, 8
MM, 280, 10, 8
MM, 283, 10, 7
MM, 284, 11, 8
MM, 286, 11, 8
MM, 287, 11, 8
MM, 290, 12, 8
MM, 291, 12, 9
MM, 292, 12, 8
MM, 293, 12, 8
MM, 294, 12, 8
MM, 295, 12, 15
MM, 297, 12, 9
MM, 298, 12, 7
MM, 299, 12, 9
MM, 303, 14, 8
MM, 307, 14, 8
MM, 312, 17, 8
MM, 316, 18, 8
MM, 320, 21, 8
MM, 327, 24, 8
MM, 333, 28, 8
MM, 338, 32, 8
MM, 345, 36, 7
MM, 352, 41, 8
MM, 356, 46, 8
MM, 361, 50, 9
MM, 368, 55, 8
MM, 371, 60, 8
MM, 16, 1, 104
MM, 20, 5, 8
MM, 23, 10, 8
MM, 25, 14, 8
MM, 26, 15, 8
MM, 27, 19, 8
MM, 28, 19, 8
MM, 28, 22, 8
MM, 29, 23, 8
MM, 29, 24, 8
MM, 31, 26, 9
MM, 32, 29, 7
MM, 29, 0, 224
MM, 29, 1, 16
MM, 29, 2, 96
MM, 29, 3, 64
MM, 29, 4, 24
MM, 29, 5, 8
MM, 29, 8, 8
MM, 29, 9, 23
MM, 29, 10, 1
MM, 29, 11, 8
