********************************************************************************
LOGGING TIME: 20201019_140414
CLIENT IP: 192.168.137.1
USERNAME: izazuhur
OS: Windows 10
**********************************Emotional database********************************************************************************
MM, 30, 7, 1602022801828
MM, 620, 540, 16
MM, 604, 517, 8
MM, 335, 75, 8
MM, 309, 43, 9
MM, 276, 8, 7
MM, 496, 392, 8
MM, 209, 70, 8
MM, 182, 40, 8
MM, 161, 19, 8
MM, 154, 12, 8
MM, 147, 5, 9
MM, 142, 0, 7
MM, 395, 288, 8
MM, 393, 286, 9
MM, 391, 284, 7
MM, 390, 282, 9
MM, 389, 281, 7
MM, 388, 281, 9
MM, 387, 281, 7
MM, 387, 280, 8
MM, 386, 278, 8
MM, 386, 279, 128
MM, 386, 278, 56
MM, 386, 276, 8
MM, 385, 272, 9
MM, 384, 266, 6
MM, 379, 259, 8
MM, 342, 177, 272
MM, 342, 169, 8
MM, 342, 163, 8
MM, 342, 155, 8
MM, 342, 149, 8
MM, 342, 143, 9
MM, 342, 138, 7
MM, 342, 136, 8
MM, 342, 135, 9
MM, 342, 134, 8
MM, 342, 132, 24
MM, 341, 131, 16
MM, 340, 130, 8
MM, 337, 129, 16
MM, 334, 128, 8
MM, 332, 126, 16
MM, 329, 125, 8
MM, 328, 125, 8
MM, 327, 125, 8
MM, 325, 124, 8
MM, 324, 124, 16
MM, 323, 123, 8
MM, 322, 121, 16
MM, 321, 121, 8
MM, 320, 121, 8
MM, 319, 120, 8
MM, 318, 120, 8
MM, 316, 120, 8
MM, 315, 119, 8
MM, 314, 119, 15
MM, 292, 119, 760
MM, 292, 125, 8
MM, 292, 133, 8
MM, 294, 140, 8
MM, 294, 148, 8
MM, 294, 154, 8
MM, 294, 160, 8
MM, 295, 166, 8
MM, 295, 172, 8
MM, 314, 256, 64
MM, 314, 261, 9
MM, 315, 265, 8
MM, 315, 271, 8
MM, 319, 279, 8
MM, 320, 284, 8
MM, 320, 290, 8
MM, 66, 5, 8
MM, 66, 9, 8
MM, 66, 13, 8
MM, 67, 15, 8
MM, 67, 16, 8
MM, 67, 18, 8
MM, 67, 19, 159
MM, 67, 20, 8
MC, 1, 153
MM, 65, 20, 18896
MM, 64, 20, 7
MM, 63, 20, 17
MM, 62, 20, 7
MM, 65, 22, 25
MM, 66, 23, 8
MM, 68, 27, 7
MM, 70, 33, 9
MM, 70, 37, 8
MM, 70, 47, 7
MM, 72, 59, 8
MM, 72, 70, 8
MM, 72, 80, 9
MM, 328, 380, 7
MM, 328, 390, 9
MM, 328, 396, 8
MM, 328, 402, 8
MM, 328, 410, 8
MM, 328, 416, 8
MM, 73, 1, 8
MM, 73, 7, 7
MM, 73, 9, 9
MM, 73, 10, 8
MM, 73, 12, 8
MM, 73, 13, 8
MM, 73, 14, 152
MM, 73, 16, 16
MM, 73, 17, 7
MM, 73, 19, 9
MM, 73, 20, 9
MM, 73, 21, 7
MM, 73, 22, 8
MM, 73, 23, 8
MC, 1, 152
MM, 74, 24, 80
MM, 76, 25, 8
MM, 77, 27, 8
MM, 78, 29, 7
MM, 79, 30, 9
MM, 80, 33, 8
MM, 81, 34, 8
MM, 83, 36, 9
MM, 84, 39, 7
MM, 86, 43, 8
MM, 90, 48, 8
MM, 93, 51, 8
MM, 98, 56, 8
MM, 100, 56, 8
MM, 106, 59, 8
MM, 116, 62, 8
MM, 125, 66, 8
MM, 133, 68, 8
MM, 139, 68, 8
MM, 146, 73, 8
MM, 154, 74, 8
MM, 159, 77, 8
MM, 165, 81, 8
MM, 170, 84, 8
MM, 176, 87, 8
MM, 180, 87, 8
MM, 185, 88, 9
MM, 444, 511, 8
MM, 448, 512, 6
MM, 449, 512, 8
MM, 450, 514, 9
MM, 452, 514, 8
MM, 453, 515, 8
MM, 454, 515, 8
MM, 455, 515, 8
MM, 457, 515, 8
MM, 459, 516, 8
MM, 461, 517, 8
MM, 465, 519, 8
MM, 468, 520, 8
MM, 473, 521, 8
MM, 475, 524, 8
MM, 480, 527, 8
MM, 20, 2, 8
MM, 23, 5, 8
MM, 26, 8, 8
MM, 29, 9, 8
MM, 30, 10, 8
MM, 31, 11, 25
MM, 33, 14, 1
MM, 34, 15, 6
MM, 497, 543, 8
MM, 498, 543, 8
MM, 498, 544, 8
MM, 499, 544, 8
MM, 500, 544, 23
MM, 501, 544, 8
MM, 3, 16, 8
MM, 3, 17, 8
MM, 4, 17, 8
MM, 7, 17, 9
MM, 9, 17, 7
MM, 12, 19, 8
MM, 13, 19, 8
MM, 14, 19, 9
MM, 15, 21, 296
MM, 22, 26, 8
MM, 531, 559, 8
MM, 2, 2, 7
MM, 9, 9, 9
MM, 14, 13, 8
MM, 15, 16, 7
MM, 18, 19, 9
MM, 21, 20, 8
MM, 24, 22, 8
MM, 25, 22, 7
MM, 27, 22, 9
MM, 569, 588, 8
MM, 574, 588, 8
MM, 3, 25, 8
MM, 7, 25, 8
MM, 10, 26, 8
MM, 11, 27, 7
MM, 12, 27, 8
MM, 16, 28, 9
MM, 593, 596, 8
MM, 597, 599, 8
MM, 598, 600, 8
MM, 16, 2, 8
MM, 21, 7, 8
MM, 25, 12, 8
MM, 618, 619, 8
MM, 0, 21, 8
MM, 7, 25, 8
MM, 10, 28, 8
MM, 637, 633, 8
MM, 638, 634, 9
MM, 641, 634, 7
MM, 643, 635, 7
MM, 644, 636, 9
MM, 647, 636, 7
MM, 30, 0, 8
MM, 652, 640, 8
MM, 654, 642, 9
MM, 656, 644, 8
MM, 0, 8, 7
MM, 2, 9, 8
MM, 3, 12, 9
MM, 4, 14, 8
MM, 5, 15, 8
MM, 7, 17, 8
MM, 7, 18, 8
MM, 8, 19, 7
MM, 8, 20, 8
MM, 8, 21, 16
MM, 9, 21, 10
MM, 9, 22, 24
MM, 10, 22, 47
MM, 11, 22, 17
MC, 1, 183
MM, 10, 22, 24
MM, 9, 22, 8
MM, 6, 22, 9
MM, 5, 22, 7
MM, 1, 22, 8
MM, 654, 661, 7
MM, 28, 22, 8
MM, 22, 22, 8
MM, 14, 22, 9
MM, 8, 22, 9
MM, 2, 22, 6
MM, 614, 661, 8
MM, 34, 22, 9
MM, 30, 22, 8
MM, 26, 24, 8
MM, 23, 24, 7
MM, 21, 25, 8
MM, 19, 26, 9
MM, 15, 28, 7
MM, 13, 28, 9
MM, 9, 29, 8
MM, 577, 670, 8
MM, 571, 671, 7
MM, 567, 671, 9
MM, 561, 671, 8
MM, 553, 671, 8
MM, 547, 673, 8
MM, 541, 673, 8
MM, 535, 673, 8
MM, 527, 673, 8
MM, 524, 673, 21
MM, 520, 672, 2
MM, 517, 672, 2
MM, 516, 672, 7
MM, 515, 672, 16
MM, 514, 672, 32
MM, 513, 672, 8
MM, 512, 672, 8
MM, 511, 672, 16
MM, 509, 672, 8
MM, 510, 674, 8
MM, 509, 675, 8
MM, 104, 0, 17
MM, 103, 0, 9
MM, 103, 1, 6
MM, 101, 1, 7
MM, 100, 1, 8
MM, 100, 3, 8
MM, 99, 5, 8
MM, 97, 5, 8
MM, 97, 6, 25
MM, 96, 6, 8
MM, 96, 7, 9
MM, 95, 7, 6
MM, 95, 8, 8
MM, 95, 9, 18
MM, 95, 10, 14
MC, 1, 209
MM, 95, 8, 16
MM, 95, 5, 8
MM, 95, 3, 8
MM, 501, 674, 8
MM, 501, 670, 8
MM, 9, 28, 8
MM, 11, 22, 8
MM, 11, 16, 8
MM, 11, 8, 9
MM, 505, 638, 7
MM, 1, 30, 8
MM, 1, 20, 8
MM, 1, 14, 8
MM, 1, 6, 8
MM, 505, 600, 8
MM, 6, 29, 8
MM, 6, 25, 7
MM, 6, 21, 9
MM, 6, 16, 8
MM, 6, 14, 8
MM, 6, 11, 8
MM, 6, 9, 8
MM, 6, 6, 8
MM, 6, 5, 8
MM, 6, 3, 8
MM, 6, 1, 8
MM, 7, 0, 8
MM, 506, 564, 8
MM, 506, 563, 7
MM, 506, 562, 8
MM, 506, 561, 8
MM, 508, 561, 177
MM, 508, 562, 32
MM, 508, 563, 8
MM, 508, 564, 8
MM, 9, 2, 8
MM, 10, 4, 8
MM, 11, 6, 8
MM, 11, 8, 7
MM, 11, 11, 8
MM, 12, 12, 8
MM, 12, 14, 8
MM, 12, 15, 17
MM, 12, 16, 16
MM, 13, 16, 16
MC, 1, 216
MM, 16, 19, 40
MM, 17, 22, 8
MM, 20, 23, 8
MM, 21, 26, 8
MM, 22, 27, 8
MM, 24, 29, 8
MM, 524, 596, 8
MM, 525, 596, 8
MM, 526, 597, 8
MM, 527, 598, 16
MM, 528, 599, 9
MM, 530, 600, 15
MM, 530, 601, 8
MM, 531, 601, 8
MM, 28, 2, 8
MM, 29, 3, 8
MM, 29, 4, 7
MM, 30, 4, 9
MM, 31, 5, 9
MM, 32, 6, 7
MM, 34, 7, 8
MM, 539, 609, 19
MM, 541, 613, 5
MM, 542, 614, 8
MM, 543, 614, 8
MM, 0, 12, 9
MM, 0, 13, 7
MM, 1, 13, 8
MM, 2, 13, 32
MM, 3, 13, 7
MM, 4, 13, 8
MM, 5, 13, 9
MM, 8, 13, 8
MM, 9, 13, 7
MM, 11, 13, 8
MM, 14, 13, 8
MC, 1, 185
MM, 11, 13, 24
MM, 10, 13, 8
MM, 8, 13, 8
MM, 3, 13, 9
MM, 542, 614, 7
MM, 540, 614, 8
MM, 29, 8, 8
MM, 23, 8, 8
MM, 17, 8, 8
MM, 9, 5, 8
MM, 501, 603, 8
MM, 490, 599, 8
MM, 479, 598, 8
MM, 11, 29, 9
MM, 5, 28, 7
MM, 2, 25, 8
MM, 460, 588, 8
MM, 459, 588, 8
MM, 458, 588, 24
MM, 457, 588, 48
MM, 456, 588, 8
MM, 455, 588, 9
MM, 33, 23, 8
MM, 32, 23, 7
MM, 31, 22, 8
MM, 30, 22, 8
MM, 29, 22, 8
MM, 28, 21, 8
MM, 27, 21, 8
MM, 24, 21, 8
MM, 21, 20, 8
MM, 20, 20, 8
MM, 17, 20, 8
MM, 14, 18, 8
MM, 10, 18, 8
MM, 7, 18, 8
MM, 3, 18, 8
MM, 0, 18, 8
MM, 418, 583, 8
MM, 416, 583, 8
MM, 414, 583, 8
MM, 414, 584, 136
MM, 415, 584, 16
MM, 416, 585, 17
MM, 418, 585, 6
MM, 419, 585, 8
MM, 1, 20, 8
MM, 2, 20, 9
MM, 5, 20, 8
MM, 7, 20, 7
MM, 8, 20, 8
MM, 10, 20, 24
MM, 11, 20, 65
MM, 12, 20, 8
MC, 1, 232
MM, 14, 20, 16
MM, 17, 20, 8
MM, 21, 20, 7
MM, 25, 18, 8
MM, 30, 17, 8
MM, 34, 17, 9
MM, 457, 582, 8
MM, 459, 582, 7
MM, 1, 15, 8
MM, 2, 14, 9
MM, 3, 14, 7
MM, 4, 13, 8
MM, 7, 12, 9
MM, 8, 11, 9
MM, 10, 9, 6
MM, 12, 9, 8
MM, 13, 8, 9
MM, 14, 8, 8
MM, 15, 8, 15
MM, 16, 8, 17
MM, 17, 8, 8
MM, 18, 8, 8
MM, 20, 8, 8
MM, 21, 8, 8
MM, 22, 8, 8
MM, 23, 8, 16
MM, 19, 8, 192
MM, 18, 10, 8
MM, 17, 10, 8
MM, 15, 11, 8
MM, 14, 12, 8
MM, 11, 13, 8
MM, 7, 16, 8
MM, 4, 18, 8
MM, 0, 18, 7
MM, 459, 583, 8
MM, 458, 583, 9
MM, 457, 583, 9
MM, 456, 583, 7
MM, 455, 583, 81
MM, 34, 18, 15
MM, 33, 18, 8
MM, 31, 18, 16
MM, 30, 18, 16
MM, 29, 17, 24
MC, 1, 192
MM, 29, 18, 15
MM, 29, 19, 9
MM, 29, 22, 8
MM, 29, 25, 8
MM, 29, 28, 9
MM, 450, 597, 8
MM, 25, 1, 6
MM, 25, 7, 8
MM, 25, 13, 8
MM, 25, 17, 10
MM, 25, 23, 7
MM, 25, 29, 8
MM, 451, 637, 8
MM, 451, 642, 8
MM, 451, 644, 9
MM, 451, 648, 7
MM, 451, 651, 8
MM, 451, 654, 8
MM, 451, 656, 9
MM, 451, 657, 7
MM, 451, 658, 8
MM, 451, 660, 8
MM, 451, 661, 8
MM, 451, 662, 7
MM, 451, 663, 26
MM, 452, 665, 7
MM, 452, 667, 7
MM, 452, 669, 8
MM, 452, 672, 18
MM, 452, 673, 6
MM, 452, 674, 8
MM, 452, 675, 8
MM, 47, 0, 16
MM, 47, 1, 9
MM, 47, 4, 7
MM, 48, 4, 9
MM, 48, 5, 8
MM, 48, 6, 7
MM, 48, 7, 17
MM, 48, 8, 144
MM, 48, 9, 23
MC, 1, 176
MM, 47, 9, 16
MM, 46, 8, 17
MM, 45, 6, 8
MM, 42, 3, 8
MM, 444, 674, 8
MM, 439, 670, 8
MM, 18, 26, 8
MM, 11, 16, 8
MM, 4, 11, 8
MM, 410, 640, 7
MM, 405, 635, 9
MM, 16, 29, 7
MM, 13, 26, 8
MM, 12, 26, 8
MM, 12, 25, 9
MM, 11, 25, 32
MM, 10, 25, 32
MM, 10, 24, 8
MM, 10, 23, 48
MM, 8, 23, 8
MM, 6, 20, 9
MM, 5, 19, 7
MM, 2, 18, 8
MM, 384, 617, 8
MM, 382, 615, 8
MM, 380, 613, 8
MM, 34, 9, 8
MM, 32, 9, 8
MM, 31, 9, 7
MM, 30, 9, 9
MM, 29, 8, 8
MM, 26, 7, 8
MM, 25, 7, 9
MM, 24, 7, 9
MM, 23, 6, 6
MM, 22, 6, 8
MM, 21, 6, 48
MM, 21, 5, 24
MM, 20, 5, 8
MM, 20, 3, 16
MM, 19, 3, 8
MC, 1, 224
MM, 20, 4, 48
MM, 23, 4, 8
MM, 25, 4, 8
MM, 29, 4, 8
MM, 379, 606, 8
MM, 5, 4, 10
MM, 13, 3, 6
MM, 18, 2, 8
MM, 22, 2, 8
MM, 410, 601, 7
MM, 412, 599, 8
MM, 415, 596, 8
MM, 0, 30, 8
MM, 3, 27, 9
MM, 5, 26, 7
MM, 10, 26, 8
MM, 14, 23, 9
MM, 17, 21, 8
MM, 19, 20, 7
MM, 22, 20, 8
MM, 23, 19, 8
MM, 24, 19, 8
MM, 24, 18, 8
MM, 25, 18, 8
MM, 25, 17, 9
MM, 27, 17, 8
MM, 28, 16, 24
MM, 29, 16, 25
MM, 30, 16, 2
MM, 30, 14, 5
MM, 31, 14, 8
MM, 32, 14, 8
MM, 33, 14, 8
MM, 455, 579, 8
MM, 456, 579, 8
MM, 457, 579, 16
MM, 458, 579, 8
MM, 460, 579, 8
MM, 1, 14, 7
MM, 3, 14, 9
MM, 6, 15, 8
MM, 8, 15, 8
MM, 11, 15, 8
MM, 14, 16, 8
MM, 15, 16, 8
MM, 17, 16, 8
MM, 20, 16, 8
MM, 22, 16, 8
MM, 23, 16, 8
MM, 25, 16, 8
MM, 26, 16, 8
MC, 1, 200
MM, 24, 16, 16
MM, 23, 16, 8
MM, 22, 16, 8
MM, 21, 16, 8
MM, 20, 17, 8
MM, 17, 17, 9
MM, 16, 17, 6
MM, 14, 18, 8
MM, 11, 18, 9
MM, 10, 18, 8
MM, 8, 18, 7
MM, 7, 18, 9
MM, 5, 18, 7
MM, 4, 18, 17
MM, 3, 18, 8
MM, 2, 18, 15
MM, 1, 18, 25
MM, 0, 18, 8
MM, 460, 583, 16
MM, 457, 582, 16
MM, 456, 582, 8
MM, 455, 582, 56
MP, 1, 88
MR, 1, 96
MC, 1, 0
MM, 455, 583, 80
MM, 455, 584, 16
MM, 455, 587, 8
MM, 455, 588, 8
MM, 34, 24, 8
MM, 34, 27, 8
MM, 34, 28, 8
MM, 34, 30, 8
MM, 454, 596, 8
MM, 454, 597, 8
MM, 455, 599, 7
MM, 455, 598, 81
MM, 32, 30, 7
MM, 31, 28, 8
MM, 29, 26, 8
MM, 29, 25, 8
MM, 27, 24, 8
MM, 27, 22, 8
MM, 26, 21, 8
MM, 25, 20, 8
MM, 24, 20, 16
MM, 23, 19, 41
MM, 22, 18, 8
MM, 22, 17, 17
MM, 21, 16, 14
MM, 20, 14, 17
MM, 20, 13, 8
MM, 18, 13, 16
MC, 1, 200
MM, 18, 15, 152
MM, 18, 16, 8
MM, 17, 18, 8
MM, 17, 21, 21
MM, 17, 23, 2
MM, 17, 28, 2
MM, 437, 601, 7
MM, 12, 7, 8
MM, 12, 15, 8
MM, 13, 22, 8
MM, 439, 635, 8
MM, 25, 4, 8
MM, 25, 15, 8
MM, 25, 23, 8
MM, 441, 671, 8
MM, 40, 4, 8
MM, 43, 8, 8
MM, 44, 12, 8
MM, 46, 15, 8
MM, 47, 18, 8
MM, 47, 19, 96
MM, 47, 20, 15
MM, 47, 21, 18
MM, 47, 22, 7
MM, 47, 24, 8
MM, 48, 24, 128
MM, 48, 23, 8
MC, 1, 144
MM, 48, 22, 16
MM, 47, 21, 8
MM, 46, 17, 8
MM, 43, 14, 8
MM, 41, 10, 8
MM, 38, 6, 8
MM, 35, 1, 8
MM, 436, 673, 8
MM, 19, 29, 8
MM, 14, 26, 8
MM, 11, 22, 9
MM, 10, 20, 7
MM, 7, 18, 8
MM, 7, 17, 9
MM, 6, 16, 7
MM, 6, 14, 9
MM, 5, 13, 6
MM, 4, 12, 8
MM, 4, 11, 8
MM, 1, 8, 8
MM, 0, 6, 17
MM, 411, 642, 7
MM, 410, 641, 9
MM, 410, 640, 7
MM, 409, 637, 9
MM, 408, 637, 7
MM, 408, 636, 33
MM, 407, 636, 16
MM, 407, 635, 7
MM, 405, 635, 26
MM, 404, 634, 6
MM, 404, 633, 18
MM, 19, 29, 6
MM, 18, 28, 8
MM, 18, 27, 8
MM, 17, 26, 8
MM, 17, 25, 9
MM, 17, 24, 7
MM, 17, 23, 9
MM, 17, 21, 16
MM, 16, 19, 8
MM, 16, 18, 8
MM, 16, 17, 8
MM, 16, 16, 7
MM, 16, 14, 8
MM, 15, 14, 8
MM, 15, 13, 9
MM, 15, 12, 7
MM, 15, 10, 250
MM, 17, 9, 6
MM, 19, 6, 8
MM, 20, 5, 9
MM, 22, 3, 8
MM, 24, 1, 8
MM, 412, 600, 8
MM, 413, 599, 8
MM, 415, 597, 7
MM, 417, 595, 9
MM, 417, 594, 7
MM, 417, 592, 9
MM, 418, 592, 8
MM, 419, 591, 8
MM, 0, 26, 8
MM, 0, 25, 8
MM, 1, 24, 8
MM, 4, 23, 16
MM, 5, 22, 8
MM, 6, 22, 8
MM, 6, 21, 8
MM, 8, 21, 8
MM, 8, 19, 8
MM, 8, 18, 7
MM, 9, 18, 8
MM, 9, 17, 18
MM, 435, 596, 227
MM, 435, 600, 3
MM, 12, 4, 9
MM, 14, 9, 7
MM, 15, 13, 9
MM, 15, 17, 7
MM, 15, 20, 9
MM, 17, 24, 7
MM, 17, 27, 8
MM, 18, 30, 8
MM, 444, 633, 8
MM, 447, 635, 9
MM, 447, 636, 9
MM, 448, 638, 8
MM, 448, 639, 6
MM, 449, 639, 8
MM, 450, 639, 17
MM, 450, 640, 15
MM, 451, 640, 8
MM, 452, 640, 16
MM, 452, 641, 8
MM, 1, 3, 8
MM, 2, 4, 24
MM, 3, 6, 16
MM, 4, 7, 33
MM, 5, 7, 112
MC, 1, 144
MM, 4, 7, 24
MM, 4, 5, 8
MM, 4, 3, 8
MM, 458, 638, 8
MM, 458, 633, 8
MM, 32, 27, 8
MM, 32, 23, 8
MM, 32, 19, 8
MM, 32, 14, 8
MM, 32, 10, 8
MM, 32, 8, 9
MM, 32, 3, 7
MM, 32, 1, 8
MM, 32, 0, 8
MM, 458, 600, 9
MM, 458, 599, 15
MM, 458, 598, 8
MM, 458, 597, 24
MM, 457, 596, 8
MM, 456, 595, 16
MM, 456, 594, 8
MM, 456, 592, 8
MM, 455, 591, 17
MM, 455, 590, 7
MM, 33, 23, 8
MM, 33, 22, 16
MM, 33, 20, 16
MM, 32, 19, 8
MM, 31, 18, 32
MM, 30, 17, 16
MM, 29, 16, 16
MM, 28, 15, 41
MM, 27, 15, 15
MC, 1, 208
MM, 29, 16, 48
MM, 30, 17, 8
MM, 32, 19, 9
MM, 34, 22, 7
MM, 457, 590, 8
MM, 458, 593, 17
MM, 463, 596, 7
MM, 466, 597, 9
MM, 470, 600, 7
MM, 6, 1, 8
MM, 10, 3, 8
MM, 15, 6, 8
MM, 19, 7, 8
MM, 24, 9, 8
MM, 28, 9, 8
MM, 499, 614, 8
MM, 0, 12, 8
MM, 4, 15, 7
MM, 7, 15, 8
MM, 11, 18, 9
MM, 14, 18, 7
MM, 16, 19, 8
MM, 16, 20, 17
MM, 19, 21, 7
MM, 20, 23, 8
MM, 23, 23, 8
MM, 25, 25, 9
MM, 28, 27, 7
MM, 29, 27, 8
MM, 30, 28, 8
MM, 33, 30, 9
MM, 540, 634, 8
MM, 541, 635, 8
MM, 542, 636, 7
MM, 543, 637, 8
MM, 544, 638, 8
MM, 545, 638, 16
MM, 11, 0, 57
MM, 11, 2, 32
MM, 11, 3, 24
MM, 11, 4, 16
MM, 10, 4, 17
MM, 10, 5, 7
MM, 10, 6, 8
MM, 10, 7, 16
MM, 10, 8, 8
MM, 10, 10, 17
MM, 10, 11, 63
MM, 11, 11, 16
MC, 1, 168
MM, 11, 12, 32
MM, 11, 13, 8
MM, 11, 14, 16
MM, 10, 15, 8
MM, 9, 15, 8
MM, 9, 16, 8
MM, 8, 19, 8
MM, 7, 20, 8
MM, 4, 24, 8
MM, 3, 27, 8
MM, 534, 670, 9
MM, 127, 0, 6
MM, 124, 3, 8
MM, 123, 8, 8
MM, 123, 9, 8
MM, 121, 11, 9
MM, 120, 12, 15
MM, 120, 14, 9
MM, 120, 15, 7
MM, 120, 16, 8
MM, 119, 17, 18
MM, 118, 18, 14
MC, 1, 241
MM, 117, 18, 16
MM, 116, 18, 16
MM, 115, 18, 8
MM, 114, 17, 8
MM, 111, 14, 8
MM, 108, 11, 8
MM, 105, 9, 8
MM, 103, 7, 8
MM, 98, 4, 8
MM, 95, 1, 8
MM, 91, 0, 8
MM, 491, 674, 9
MM, 489, 672, 7
MM, 486, 670, 8
MM, 485, 670, 16
MM, 31, 30, 8
MM, 30, 30, 16
MM, 30, 29, 8
MM, 28, 29, 8
MM, 27, 29, 16
MM, 26, 28, 8
MM, 25, 28, 16
MM, 25, 27, 8
MM, 24, 27, 8
MM, 23, 26, 24
MM, 22, 24, 16
MM, 20, 24, 8
MM, 20, 23, 16
MM, 19, 22, 15
MM, 18, 22, 8
MM, 18, 21, 9
MM, 17, 21, 7
MM, 15, 21, 16
MM, 12, 21, 9
MM, 11, 20, 8
MM, 10, 20, 8
MM, 9, 20, 8
MM, 7, 20, 8
MM, 6, 20, 8
MM, 4, 20, 8
MM, 1, 20, 16
MM, 0, 19, 24
MM, 452, 658, 16
MM, 451, 657, 16
MM, 450, 657, 15
MM, 448, 657, 9
MM, 33, 18, 8
MM, 32, 18, 25
MM, 31, 18, 15
MM, 30, 18, 31
MM, 30, 16, 58
MM, 27, 16, 6
MM, 26, 16, 8
MM, 25, 16, 9
MM, 24, 16, 8
MM, 23, 16, 7
MM, 22, 16, 8
MM, 21, 16, 9
MM, 19, 16, 7
MC, 1, 225
MM, 21, 16, 16
MM, 22, 16, 8
MM, 26, 15, 8
MM, 29, 14, 7
MM, 32, 11, 8
MM, 450, 648, 10
MM, 2, 6, 7
MM, 5, 3, 8
MM, 10, 0, 8
MM, 470, 638, 8
MM, 477, 633, 10
MM, 16, 27, 6
MM, 28, 24, 8
MM, 2, 22, 8
MM, 11, 18, 8
MM, 20, 16, 7
MM, 31, 14, 9
MM, 544, 615, 9
MM, 7, 11, 7
MM, 23, 11, 8
MM, 32, 9, 7
MM, 2, 7, 8
MM, 7, 6, 8
MM, 13, 4, 9
MM, 17, 3, 7
MM, 21, 3, 8
MM, 24, 2, 9
MM, 28, 2, 8
MM, 30, 0, 8
MM, 618, 602, 8
MM, 621, 602, 8
MM, 0, 0, 8
MM, 4, 0, 8
MM, 7, 0, 7
MM, 10, 0, 9
MM, 11, 0, 8
MM, 13, 0, 8
MM, 16, 0, 8
MM, 17, 0, 8
MM, 18, 0, 8
MM, 19, 0, 16
MM, 20, 0, 15
MM, 21, 0, 104
MM, 22, 0, 8
MM, 24, 0, 8
MM, 25, 0, 9
MM, 26, 0, 8
MM, 27, 0, 21
MM, 29, 0, 1
MM, 31, 0, 10
MM, 654, 601, 32
MM, 654, 600, 25
MM, 654, 599, 23
MM, 654, 598, 8
MM, 654, 597, 8
MM, 654, 596, 15
MM, 1, 29, 9
MM, 1, 28, 8
MM, 1, 27, 25
MM, 1, 26, 15
MM, 2, 25, 8
MM, 3, 24, 9
MM, 3, 23, 7
MM, 3, 20, 9
MM, 4, 19, 6
MM, 4, 18, 8
MM, 4, 15, 8
MM, 4, 14, 9
MM, 4, 12, 7
MM, 5, 11, 8
MM, 5, 10, 8
MM, 5, 9, 9
MM, 5, 10, 225
MM, 6, 11, 7
MM, 7, 12, 8
MM, 9, 13, 16
MM, 10, 13, 16
MM, 8, 14, 224
MM, 8, 15, 8
MM, 6, 15, 8
MM, 5, 15, 8
MM, 5, 17, 8
MM, 2, 18, 8
MM, 2, 19, 8
MM, 1, 20, 8
MM, 652, 588, 8
MM, 30, 24, 8
MM, 25, 26, 8
MM, 21, 30, 8
MM, 632, 598, 8
MM, 621, 604, 8
MM, 29, 5, 7
MM, 24, 10, 8
MM, 17, 15, 8
MM, 11, 18, 8
MM, 4, 21, 8
MM, 1, 24, 8
MM, 584, 629, 9
MM, 583, 630, 8
MM, 582, 631, 7
MM, 581, 631, 9
MM, 580, 632, 7
MM, 579, 634, 9
MM, 577, 635, 7
MM, 577, 636, 9
MM, 576, 637, 7
MM, 576, 638, 9
MM, 0, 0, 8
MM, 0, 1, 16
MM, 574, 640, 16
MM, 574, 642, 80
MM, 573, 642, 31
MM, 572, 642, 41
MM, 571, 642, 8
MM, 569, 644, 8
MM, 34, 5, 9
MM, 33, 5, 6
MM, 31, 6, 8
MM, 29, 7, 8
MM, 27, 9, 9
MM, 26, 9, 7
MM, 25, 9, 8
MM, 22, 9, 8
MM, 21, 9, 8
MM, 20, 9, 8
MC, 1, 202
MM, 19, 9, 39
MM, 18, 7, 7
MM, 16, 4, 8
MM, 15, 2, 9
MM, 548, 638, 8
MM, 546, 635, 8
MM, 0, 29, 8
MM, 542, 628, 8
MM, 539, 625, 9
MM, 34, 20, 6
MM, 32, 18, 8
MM, 31, 15, 10
MM, 30, 12, 6
MM, 28, 10, 8
MM, 25, 7, 8
MM, 24, 2, 8
MM, 525, 601, 8
MM, 525, 600, 8
MM, 522, 598, 8
MM, 520, 596, 9
MM, 19, 29, 7
MM, 17, 27, 9
MM, 17, 26, 8
MM, 15, 26, 8
MM, 15, 25, 8
MM, 14, 24, 8
MM, 13, 23, 80
MM, 13, 22, 7
MM, 13, 20, 8
MM, 13, 19, 8
MM, 13, 18, 10
MM, 13, 17, 7
MM, 13, 16, 8
MC, 1, 169
MM, 19, 19, 14
MM, 21, 20, 9
MM, 26, 20, 8
MM, 531, 585, 8
MM, 3, 20, 8
MM, 9, 20, 8
MM, 16, 20, 8
MM, 27, 20, 20
MM, 574, 585, 2
MM, 10, 20, 2
MM, 21, 20, 8
MM, 30, 20, 8
MM, 34, 20, 8
MM, 615, 585, 8
MM, 2, 18, 8
MM, 6, 18, 8
MM, 7, 17, 8
MM, 8, 17, 8
MM, 9, 16, 16
MM, 10, 16, 8
MM, 12, 16, 8
MM, 12, 15, 8
MM, 13, 15, 104
MC, 1, 169
MM, 13, 16, 15
MM, 13, 17, 8
MM, 10, 19, 8
MM, 9, 20, 8
MM, 6, 24, 8
MM, 3, 28, 9
MM, 615, 598, 7
MM, 24, 0, 8
MM, 19, 5, 8
MM, 15, 10, 8
MM, 10, 14, 8
MM, 5, 19, 8
MM, 1, 22, 8
MM, 584, 627, 8
MM, 583, 628, 8
MM, 581, 629, 8
MM, 34, 27, 8
MM, 34, 28, 8
MM, 33, 28, 7
MM, 33, 29, 40
MM, 578, 633, 25
MM, 577, 633, 7
MM, 577, 634, 8
MM, 576, 634, 9
MM, 575, 635, 7
MM, 574, 636, 8
MM, 573, 637, 10
MM, 573, 639, 7
MM, 570, 641, 8
MM, 569, 642, 8
MM, 34, 4, 8
MM, 32, 4, 8
MM, 31, 5, 8
MM, 30, 5, 8
MM, 29, 5, 8
MM, 29, 6, 8
MM, 28, 6, 24
MM, 28, 8, 9
MM, 27, 8, 7
MM, 27, 9, 25
MM, 26, 9, 7
MM, 24, 9, 8
MM, 24, 10, 23
MC, 1, 169
MM, 23, 10, 16
MM, 22, 10, 16
MM, 21, 10, 7
MM, 20, 9, 8
MM, 19, 7, 8
MM, 16, 6, 10
MM, 14, 6, 7
MM, 11, 3, 7
MM, 6, 0, 8
MM, 537, 635, 9
MM, 533, 633, 8
MM, 25, 30, 8
MM, 18, 27, 8
MM, 15, 25, 8
MM, 9, 22, 8
MM, 2, 19, 8
MM, 500, 619, 8
MM, 29, 14, 9
MM, 24, 13, 6
MM, 22, 11, 8
MM, 17, 9, 8
MM, 16, 7, 8
MM, 14, 6, 8
MM, 12, 5, 8
MM, 11, 4, 8
MM, 9, 3, 8
MM, 8, 1, 9
MM, 7, 1, 8
MM, 4, 0, 8
MM, 470, 601, 8
MM, 469, 600, 8
MM, 468, 599, 7
MM, 466, 598, 17
MM, 466, 597, 8
MM, 4, 30, 8
MM, 3, 30, 8
MM, 3, 29, 7
MM, 2, 28, 16
MM, 0, 28, 18
MM, 459, 592, 15
MM, 458, 592, 7
MM, 456, 591, 17
MM, 455, 591, 8
MM, 34, 25, 7
MM, 31, 25, 9
MM, 30, 25, 8
MM, 28, 25, 8
MM, 26, 23, 8
MM, 25, 23, 8
MM, 23, 23, 7
MM, 23, 22, 8
MM, 20, 22, 9
MM, 20, 21, 8
MC, 1, 216
MM, 20, 22, 16
MM, 23, 25, 8
MM, 28, 30, 8
MM, 453, 598, 8
MM, 31, 0, 8
MM, 466, 608, 8
MM, 9, 11, 8
MM, 21, 17, 8
MM, 500, 627, 8
MM, 511, 633, 8
MM, 28, 0, 8
MM, 530, 644, 8
MM, 1, 7, 8
MM, 7, 8, 8
MM, 9, 10, 10
MM, 12, 10, 6
MM, 12, 11, 8
MM, 13, 11, 8
MM, 14, 12, 48
MM, 15, 12, 8
MM, 17, 13, 9
MM, 18, 13, 7
MM, 20, 15, 7
MM, 21, 16, 8
MM, 22, 17, 10
MM, 24, 17, 15
MM, 25, 17, 8
MM, 22, 17, 248
MM, 21, 17, 8
MM, 19, 17, 8
MM, 18, 15, 8
MM, 15, 14, 8
MM, 8, 9, 8
MM, 6, 6, 8
MM, 3, 4, 8
MM, 0, 1, 8
MM, 531, 637, 8
MM, 24, 30, 8
MM, 21, 27, 8
MM, 18, 25, 8
MM, 15, 22, 8
MM, 14, 19, 8
MM, 14, 17, 8
MM, 13, 14, 8
MM, 11, 11, 8
MM, 11, 10, 8
MM, 11, 9, 8
MM, 9, 6, 8
MM, 7, 3, 8
MM, 6, 1, 7
MM, 6, 0, 8
MM, 509, 599, 9
MM, 508, 598, 8
MM, 7, 30, 8
MM, 6, 29, 15
MM, 5, 28, 25
MM, 5, 27, 8
MM, 4, 27, 16
MM, 4, 26, 8
MM, 4, 25, 8
MM, 3, 24, 16
MM, 3, 22, 8
MM, 3, 21, 24
MM, 3, 20, 16
MM, 2, 20, 184
MM, 2, 21, 8
MM, 1, 21, 8
MM, 1, 23, 8
MM, 498, 589, 8
MM, 497, 590, 8
MM, 497, 591, 8
MM, 496, 592, 8
MP, 1, 136
MR, 1, 104
MC, 1, 0
MM, 497, 592, 8
MM, 0, 27, 8
MM, 1, 26, 8
MM, 2, 26, 8
MM, 3, 26, 8
MM, 3, 25, 24
MM, 3, 24, 216
MM, 4, 22, 8
MM, 4, 21, 16
MM, 5, 20, 24
MC, 1, 232
MM, 5, 21, 48
MM, 4, 23, 8
MM, 3, 23, 8
MM, 3, 24, 8
MM, 2, 25, 8
MM, 1, 26, 8
MM, 497, 594, 8
MM, 496, 595, 8
MM, 493, 596, 8
MM, 489, 597, 25
MM, 480, 600, 3
MM, 5, 0, 4
MM, 466, 604, 8
MM, 34, 3, 8
MM, 25, 7, 8
MM, 16, 7, 8
MM, 6, 7, 8
MM, 0, 7, 8
MM, 420, 609, 8
MM, 30, 8, 8
MM, 26, 8, 8
MM, 22, 8, 8
MM, 19, 8, 7
MM, 15, 8, 8
MM, 14, 8, 8
MM, 11, 8, 8
MM, 10, 8, 9
MM, 9, 8, 15
MM, 8, 8, 8
MM, 7, 8, 16
MM, 6, 8, 26
MM, 4, 8, 14
MM, 3, 8, 17
MM, 2, 8, 24
MM, 1, 8, 15
MM, 0, 8, 17
MM, 384, 610, 15
MM, 383, 610, 105
MM, 381, 610, 16
MM, 380, 610, 32
MM, 380, 611, 16
MM, 382, 611, 56
MM, 383, 612, 8
MM, 0, 10, 8
MM, 1, 10, 8
MM, 7, 10, 8
MM, 9, 10, 8
MM, 12, 10, 8
MM, 14, 10, 8
MM, 15, 10, 8
MM, 16, 10, 8
MM, 18, 10, 8
MC, 1, 272
MM, 37, 4, 272
MM, 37, 5, 48
MM, 38, 5, 40
MM, 38, 7, 16
MC, 1, 176
MM, 35, 7, 64
MM, 34, 6, 9
MM, 32, 5, 7
MM, 30, 2, 8
MM, 30, 0, 17
MM, 433, 674, 7
MM, 430, 673, 8
MM, 425, 672, 8
MM, 7, 30, 8
MM, 4, 27, 8
MM, 0, 24, 8
MM, 409, 660, 8
MM, 30, 18, 9
MM, 23, 13, 8
MM, 20, 10, 7
MM, 19, 9, 8
MM, 17, 6, 9
MM, 14, 4, 6
MM, 13, 2, 8
MM, 10, 0, 8
MM, 384, 638, 10
MM, 383, 638, 8
MM, 382, 637, 6
MM, 380, 635, 8
MM, 379, 634, 9
MM, 378, 633, 15
MM, 33, 30, 8
MM, 32, 29, 17
MM, 31, 28, 9
MM, 30, 27, 15
MM, 30, 25, 7
MM, 29, 24, 9
MM, 27, 23, 15
MM, 26, 23, 8
MM, 25, 22, 9
MM, 24, 21, 8
MM, 24, 20, 15
MM, 23, 20, 9
MM, 23, 19, 8
MM, 22, 17, 7
MM, 22, 16, 8
MM, 21, 16, 9
MM, 21, 15, 8
MM, 19, 15, 7
MM, 18, 15, 8
MM, 18, 14, 8
MM, 17, 13, 8
MM, 16, 12, 8
MM, 15, 11, 17
MM, 24, 15, 183
MM, 30, 18, 8
MM, 379, 620, 8
MM, 4, 21, 9
MM, 13, 25, 8
MM, 25, 29, 8
MM, 424, 633, 8
MM, 26, 0, 8
MM, 452, 643, 8
MM, 15, 8, 8
MM, 23, 10, 8
MM, 491, 649, 8
MM, 6, 10, 8
MM, 17, 10, 8
MM, 21, 10, 8
MM, 25, 10, 8
MM, 28, 10, 8
MM, 29, 10, 8
MM, 30, 10, 80
MM, 33, 10, 8
MM, 34, 10, 8
MM, 528, 649, 8
MM, 529, 649, 8
MM, 530, 649, 8
MM, 531, 649, 8
MM, 532, 650, 8
MM, 0, 11, 8
MM, 1, 11, 16
MM, 2, 11, 8
MM, 3, 11, 8
MM, 5, 11, 8
MM, 6, 11, 8
MM, 8, 10, 8
MM, 9, 10, 8
MM, 10, 9, 8
MM, 11, 9, 7
MM, 11, 7, 16
MM, 12, 7, 9
MM, 12, 6, 8
MC, 1, 216
MM, 11, 6, 48
MM, 10, 6, 16
MM, 9, 6, 7
MM, 7, 6, 9
MM, 5, 6, 9
MM, 4, 6, 7
MM, 1, 6, 8
MM, 533, 644, 8
MM, 530, 644, 9
MM, 528, 644, 7
MM, 30, 5, 8
MM, 26, 4, 8
MM, 22, 2, 8
MM, 19, 2, 8
MM, 16, 1, 8
MM, 15, 0, 8
MM, 507, 637, 7
MM, 506, 636, 8
MM, 505, 636, 8
MM, 504, 635, 9
MM, 501, 635, 7
MM, 498, 634, 8
MM, 29, 29, 9
MM, 26, 28, 7
MM, 22, 28, 9
MM, 20, 26, 8
MM, 17, 26, 8
MM, 15, 25, 8
MM, 12, 24, 8
MM, 7, 23, 16
MM, 4, 21, 8
MM, 2, 21, 8
MM, 466, 623, 8
MM, 465, 623, 9
MM, 461, 622, 7
MM, 33, 20, 8
MM, 32, 19, 8
MM, 30, 18, 9
MM, 29, 18, 7
MM, 28, 16, 8
MM, 27, 16, 24
MM, 26, 16, 16
MM, 25, 16, 24
MM, 24, 16, 56
MM, 22, 16, 16
MM, 21, 16, 24
MM, 21, 15, 8
MC, 1, 184
MM, 21, 17, 23
MM, 23, 21, 9
MM, 26, 26, 7
MM, 29, 29, 9
MM, 458, 635, 8
MM, 6, 0, 8
MM, 7, 5, 10
MM, 9, 9, 5
MM, 10, 14, 8
MM, 11, 16, 9
MM, 13, 19, 8
MM, 14, 22, 8
MM, 16, 25, 8
MM, 17, 26, 8
MM, 17, 27, 8
MM, 18, 27, 128
MM, 18, 28, 24
MM, 18, 29, 23
MM, 18, 30, 9
MM, 472, 670, 8
MM, 472, 672, 8
MM, 472, 673, 8
MM, 472, 675, 8
MM, 67, 0, 8
MM, 67, 1, 8
MM, 67, 2, 8
MM, 67, 4, 8
MM, 68, 4, 95
MC, 1, 168
MM, 68, 1, 24
MM, 473, 672, 8
MM, 19, 29, 9
MM, 19, 25, 7
MM, 19, 22, 20
MM, 19, 18, 1
MM, 19, 14, 4
MM, 19, 10, 7
MM, 19, 5, 8
MM, 19, 3, 8
MM, 19, 0, 9
MM, 473, 638, 7
MM, 473, 636, 8
MM, 473, 633, 9
MM, 6, 30, 8
MM, 6, 29, 8
MM, 6, 28, 8
MM, 6, 27, 8
MM, 6, 25, 8
MM, 6, 24, 8
MM, 6, 23, 8
MM, 6, 22, 8
MM, 6, 20, 16
MM, 6, 18, 16
MC, 1, 216
MM, 10, 18, 23
MM, 16, 18, 9
MM, 24, 18, 7
MM, 30, 17, 9
MM, 503, 616, 8
MM, 10, 14, 8
MM, 22, 12, 7
MM, 32, 12, 8
MM, 2, 12, 8
MM, 8, 10, 8
MM, 13, 9, 9
MM, 19, 7, 7
MM, 25, 6, 8
MM, 29, 6, 8
MM, 32, 4, 9
MM, 580, 603, 8
MM, 583, 603, 8
MM, 585, 602, 8
MM, 2, 0, 8
MM, 589, 601, 8
MM, 590, 600, 16
MM, 591, 600, 8
MM, 591, 599, 8
MM, 592, 599, 8
MM, 592, 597, 8
MM, 594, 596, 15
MM, 595, 596, 41
MM, 20, 30, 8
MM, 20, 29, 8
MM, 21, 28, 8
MM, 22, 27, 8
MM, 23, 26, 8
MM, 26, 24, 8
MM, 26, 23, 8
MM, 27, 23, 8
MM, 28, 23, 8
MM, 28, 22, 8
MM, 29, 22, 8
MM, 30, 22, 8
MM, 31, 21, 8
MM, 34, 21, 8
MM, 611, 585, 8
MM, 0, 18, 8
MM, 4, 18, 8
MM, 10, 18, 8
MM, 13, 18, 8
MM, 13, 17, 8
MM, 14, 17, 8
MM, 14, 16, 8
MC, 1, 273
MM, 12, 16, 7
MM, 11, 17, 16
MM, 10, 20, 8
MM, 9, 24, 7
MM, 6, 29, 9
MM, 617, 598, 8
MM, 26, 1, 8
MM, 19, 6, 8
MM, 10, 12, 8
MM, 582, 618, 8
MM, 28, 19, 8
MM, 17, 23, 8
MM, 5, 25, 8
MM, 544, 628, 8
MM, 34, 26, 8
MM, 33, 28, 8
MM, 32, 28, 8
MM, 32, 29, 8
MM, 31, 29, 8
MM, 30, 29, 8
MM, 30, 30, 8
MM, 27, 30, 8
MM, 26, 30, 16
MM, 529, 633, 8
MM, 528, 634, 24
MM, 527, 634, 8
MM, 527, 635, 7
MM, 525, 636, 8
MM, 524, 638, 8
MM, 29, 0, 8
MM, 28, 1, 9
MM, 25, 2, 8
MM, 24, 3, 8
MM, 20, 3, 8
MM, 18, 3, 8
MM, 15, 3, 7
MM, 11, 5, 8
MM, 8, 5, 8
MM, 4, 5, 9
MM, 1, 6, 7
MM, 492, 645, 8
MM, 489, 645, 8
MM, 488, 645, 8
MM, 487, 645, 9
MM, 32, 6, 8
MM, 30, 6, 8
MM, 29, 6, 15
MM, 28, 6, 8
MM, 27, 6, 9
MM, 27, 7, 8
MM, 26, 7, 8
MM, 25, 8, 16
MM, 24, 8, 8
MM, 23, 8, 8
MM, 21, 8, 8
MM, 19, 8, 7
MM, 19, 10, 8
MM, 18, 10, 8
MM, 17, 10, 81
MM, 17, 11, 24
MC, 1, 168
MM, 17, 9, 48
MM, 17, 8, 9
MM, 15, 6, 7
MM, 15, 5, 8
MM, 14, 2, 8
MM, 14, 1, 8
MM, 467, 638, 8
MM, 467, 635, 8
MM, 464, 630, 8
MM, 463, 628, 8
MM, 461, 625, 8
MM, 34, 20, 8
MM, 32, 14, 8
MM, 32, 12, 8
MM, 31, 9, 8
MM, 29, 4, 18
MM, 28, 2, 1
MM, 453, 599, 5
MM, 31, 30, 8
MM, 31, 27, 8
MM, 31, 25, 8
MM, 28, 22, 8
MM, 28, 21, 8
MM, 28, 20, 9
MM, 27, 19, 7
MM, 27, 17, 8
MM, 26, 17, 17
MM, 25, 17, 87
MM, 24, 17, 23
MM, 23, 17, 18
MM, 21, 17, 23
MC, 1, 144
MM, 22, 18, 24
MM, 27, 15, 255
MM, 29, 17, 8
MM, 32, 20, 8
MM, 33, 21, 8
MM, 528, 661, 17
MM, 529, 662, 8
MM, 530, 664, 8
MM, 532, 665, 24
MM, 533, 665, 32
MM, 1, 26, 24
MM, 2, 26, 16
MM, 3, 26, 8
MM, 4, 26, 8
MM, 6, 26, 8
MM, 8, 26, 16
MM, 9, 26, 16
MM, 9, 25, 8
MM, 10, 25, 48
MM, 10, 23, 8
MM, 10, 22, 24
MM, 10, 21, 48
MM, 7, 21, 184
MM, 530, 674, 144
MM, 529, 675, 16
MM, 123, 0, 16
MM, 122, 2, 8
MM, 122, 3, 8
MM, 120, 4, 8
MM, 118, 5, 8
MM, 118, 6, 8
MM, 117, 7, 8
MM, 116, 7, 16
MM, 116, 9, 8
MM, 114, 9, 144
MM, 9, 28, 184
MM, 15, 26, 8
MM, 22, 23, 8
MM, 29, 18, 8
MM, 33, 15, 8
MM, 574, 651, 8
MM, 6, 6, 28
MM, 596, 638, 4
MM, 603, 635, 8
MM, 609, 633, 8
MM, 617, 631, 8
MM, 3, 29, 8
MM, 11, 29, 8
MM, 20, 28, 8
MM, 26, 26, 8
MM, 32, 26, 8
MM, 661, 628, 7
MM, 2, 25, 8
MM, 6, 25, 8
MM, 9, 23, 8
MM, 14, 22, 8
MM, 18, 20, 8
MM, 21, 19, 8
MM, 23, 18, 8
MM, 26, 18, 8
MM, 29, 16, 8
MM, 30, 16, 8
MM, 695, 618, 8
MM, 696, 617, 8
MM, 696, 616, 105
MM, 699, 615, 80
MM, 703, 612, 8
MM, 708, 609, 8
MM, 713, 604, 8
MM, 717, 599, 8
MM, 28, 30, 8
MM, 33, 23, 8
MM, 732, 581, 8
MM, 737, 576, 8
MM, 741, 572, 8
MM, 747, 562, 8
MM, 754, 559, 8
MM, 757, 555, 8
MM, 761, 552, 8
MM, 764, 550, 8
MM, 765, 547, 8
MM, 768, 546, 8
MM, 768, 545, 7
MM, 768, 544, 8
MM, 769, 543, 8
MM, 769, 542, 8
MM, 769, 540, 8
MM, 770, 540, 16
MM, 770, 539, 8
MM, 771, 538, 17
MM, 771, 537, 24
MM, 773, 537, 7
MM, 773, 536, 16
MM, 774, 536, 9
MM, 775, 536, 7
MM, 775, 535, 16
MM, 777, 559, 536
MM, 772, 562, 8
MM, 768, 565, 8
MM, 761, 570, 8
MM, 754, 575, 8
MM, 743, 581, 8
MM, 731, 587, 8
MM, 22, 30, 8
MM, 702, 601, 8
MM, 25, 7, 8
MM, 8, 16, 8
MM, 31, 24, 8
MM, 636, 637, 8
MM, 2, 6, 8
MM, 33, 13, 8
MM, 26, 18, 8
MM, 21, 21, 8
MM, 15, 24, 9
MM, 12, 24, 8
MM, 9, 27, 8
MM, 8, 27, 8
MM, 7, 27, 8
MM, 6, 27, 16
MM, 5, 27, 16
MM, 5, 28, 16
MM, 4, 29, 8
MM, 2, 29, 8
MM, 2, 30, 8
MM, 1, 30, 8
MM, 575, 670, 8
MM, 574, 673, 8
MM, 573, 674, 8
MM, 572, 675, 8
MM, 572, 676, 8
MM, 571, 676, 8
MM, 163, 2, 8
MM, 162, 3, 8
MM, 161, 3, 8
MM, 160, 4, 8
MM, 157, 5, 8
MM, 157, 8, 8
MM, 155, 8, 8
MM, 153, 9, 8
MM, 152, 10, 8
MM, 150, 11, 8
MM, 149, 12, 8
MM, 148, 13, 8
MM, 146, 15, 8
MM, 145, 16, 8
MM, 145, 17, 8
MM, 144, 18, 8
MM, 143, 19, 8
MM, 142, 19, 8
MM, 141, 19, 8
MM, 140, 19, 7
MM, 138, 20, 25
MM, 137, 20, 8
MM, 136, 20, 8
MM, 135, 20, 8
MC, 1, 288
MM, 135, 18, 15
MM, 138, 15, 9
MM, 141, 6, 8
MM, 148, 3, 7
MM, 557, 670, 8
MM, 27, 26, 9
MM, 33, 19, 8
MM, 572, 651, 8
MM, 3, 1, 8
MM, 582, 635, 8
MM, 1, 30, 8
MM, 6, 23, 8
MM, 10, 19, 8
MM, 13, 14, 8
MM, 16, 11, 8
MM, 19, 9, 18
MM, 22, 7, 2
MM, 23, 6, 4
MM, 25, 5, 8
MM, 28, 2, 8
MM, 617, 603, 8
MM, 620, 601, 8
MM, 624, 600, 8
MM, 628, 598, 8
MM, 633, 598, 8
MM, 637, 598, 8
MM, 640, 598, 8
MM, 642, 597, 8
MM, 645, 597, 8
MM, 649, 596, 8
MM, 650, 596, 8
MM, 0, 29, 8
MM, 1, 29, 8
MM, 4, 28, 8
MM, 5, 28, 8
MM, 6, 27, 8
MM, 6, 26, 7
MM, 7, 25, 8
MM, 8, 23, 17
MC, 1, 280
MM, 7, 25, 16
MM, 4, 26, 8
MM, 2, 27, 8
MM, 650, 595, 8
MM, 644, 600, 8
MM, 14, 2, 8
MM, 5, 7, 8
MM, 30, 13, 8
MM, 16, 17, 8
MM, 585, 625, 8
MM, 23, 30, 8
MM, 546, 636, 8
MM, 34, 3, 8
MM, 20, 8, 8
MM, 4, 10, 8
MM, 32, 11, 8
MM, 18, 11, 8
MM, 12, 11, 8
MM, 6, 11, 7
MM, 4, 11, 8
MM, 1, 11, 8
MM, 0, 11, 8
MM, 453, 650, 9
MM, 452, 650, 8
MM, 452, 652, 8
MM, 450, 652, 8
MM, 449, 652, 8
MM, 448, 652, 8
MM, 33, 13, 8
MM, 32, 14, 8
MM, 31, 15, 8
MM, 30, 15, 8
MM, 28, 16, 8
MM, 27, 16, 8
MM, 26, 16, 16
MM, 25, 16, 24
MM, 24, 16, 24
MM, 23, 16, 33
MC, 1, 190
MM, 22, 16, 41
MM, 22, 15, 7
MM, 22, 14, 8
MM, 22, 11, 8
MM, 20, 8, 8
MM, 19, 6, 8
MM, 16, 1, 8
MM, 427, 636, 9
MM, 425, 631, 7
MM, 423, 627, 8
MM, 421, 624, 8
MM, 33, 18, 8
MM, 30, 9, 9
MM, 28, 5, 7
MM, 28, 0, 8
MM, 412, 598, 8
MM, 412, 596, 8
MM, 35, 28, 8
MM, 35, 25, 8
MM, 35, 23, 8
MM, 35, 20, 8
MM, 35, 19, 8
MM, 35, 18, 8
MM, 35, 17, 16
MM, 414, 582, 65
MM, 416, 582, 8
MM, 417, 582, 8
MM, 418, 582, 8
MM, 0, 17, 8
MM, 1, 17, 8
MM, 3, 17, 8
MM, 4, 17, 8
MM, 5, 17, 24
MM, 6, 17, 24
MM, 7, 17, 24
MM, 8, 17, 48
MC, 1, 168
MM, 8, 18, 24
MM, 7, 19, 8
MM, 6, 19, 8
MM, 3, 21, 8
MM, 2, 22, 8
MM, 418, 588, 8
MM, 414, 590, 8
MM, 32, 28, 8
MM, 28, 29, 8
MM, 24, 30, 8
MM, 398, 598, 8
MM, 393, 600, 8
MM, 389, 601, 8
MM, 0, 1, 8
MM, 380, 603, 8
MM, 379, 604, 8
MM, 33, 2, 8
MM, 32, 2, 8
MM, 31, 2, 8
MM, 29, 2, 8
MM, 28, 2, 24
MM, 27, 2, 16
MM, 26, 2, 33
MM, 25, 2, 23
MM, 24, 2, 24
MM, 23, 2, 16
MM, 21, 2, 8
MM, 20, 2, 8
MM, 19, 2, 32
MM, 18, 2, 32
MM, 17, 2, 8
MM, 16, 3, 8
MM, 15, 4, 8
MM, 13, 4, 8
MM, 12, 4, 8
MM, 12, 5, 8
MM, 11, 6, 8
MM, 10, 6, 15
MC, 1, 201
MM, 11, 6, 8
MM, 13, 8, 7
MM, 18, 9, 9
MM, 22, 9, 8
MM, 28, 9, 8
MM, 380, 613, 8
MM, 4, 12, 8
MM, 15, 14, 8
MM, 24, 14, 8
MM, 32, 14, 8
MM, 2, 16, 8
MM, 13, 16, 7
MM, 24, 18, 9
MM, 461, 620, 8
MM, 3, 22, 8
MM, 12, 23, 8
MM, 21, 27, 8
MM, 29, 29, 8
MM, 503, 632, 8
MM, 507, 634, 8
MM, 511, 635, 8
MM, 516, 637, 8
MM, 517, 638, 8
MM, 518, 638, 8
MM, 26, 0, 16
MM, 27, 0, 24
MM, 27, 1, 8
MM, 28, 2, 16
MM, 30, 2, 8
MM, 31, 3, 8
MM, 32, 3, 16
MM, 33, 4, 8
MM, 34, 5, 96
MM, 528, 644, 15
MM, 529, 646, 8
MM, 533, 646, 16
MM, 2, 7, 9
MM, 4, 7, 8
MM, 9, 7, 7
MM, 13, 7, 9
MM, 15, 7, 8
MM, 18, 7, 8
MM, 19, 7, 7
MM, 17, 8, 257
MM, 16, 8, 16
MM, 14, 8, 8
MM, 13, 8, 16
MM, 12, 8, 8
MM, 11, 8, 8
MM, 10, 8, 8
MM, 8, 8, 8
MM, 5, 8, 8
MM, 2, 8, 8
MM, 532, 647, 8
MM, 528, 647, 8
MM, 27, 8, 8
MM, 21, 7, 8
MM, 12, 5, 9
MM, 4, 5, 7
MM, 489, 644, 8
MM, 28, 4, 8
MM, 20, 2, 7
MM, 15, 1, 8
MM, 11, 1, 8
MM, 7, 1, 8
MM, 458, 638, 8
MM, 457, 638, 8
MM, 454, 637, 16
MM, 453, 636, 25
MM, 452, 636, 8
MM, 452, 635, 16
MM, 451, 634, 24
MM, 448, 634, 40
MM, 446, 634, 8
MM, 445, 634, 8
MM, 444, 634, 8
MM, 15, 30, 8
MM, 14, 30, 8
MM, 12, 30, 8
MM, 9, 30, 8
MM, 5, 29, 8
MM, 0, 29, 8
MM, 424, 630, 8
MM, 421, 630, 8
MM, 33, 26, 8
MM, 31, 26, 8
MM, 28, 26, 8
MM, 25, 25, 8
MM, 23, 25, 8
MM, 20, 25, 16
MM, 20, 24, 8
MM, 19, 23, 8
MM, 18, 23, 16
MM, 17, 23, 16
MM, 17, 21, 8
MM, 16, 21, 8
MM, 15, 20, 8
MM, 15, 19, 8
MM, 13, 18, 8
MM, 13, 17, 8
MM, 17, 19, 199
MM, 20, 24, 9
MM, 25, 27, 8
MM, 29, 30, 8
MM, 419, 636, 7
MM, 9, 2, 9
MM, 16, 5, 8
MM, 23, 11, 8
MM, 28, 15, 25
MM, 449, 657, 2
MM, 452, 660, 4
MM, 0, 24, 8
MM, 2, 25, 9
MM, 4, 26, 7
MM, 5, 29, 8
MM, 462, 671, 8
MM, 465, 672, 8
MM, 466, 675, 8
MM, 64, 0, 8
MM, 67, 3, 9
MM, 68, 6, 8
MM, 70, 6, 8
MM, 71, 8, 8
MM, 72, 9, 8
MM, 73, 9, 8
MM, 73, 12, 8
MM, 74, 13, 8
MM, 75, 14, 8
MM, 76, 14, 15
MM, 76, 15, 9
MC, 1, 224
MM, 79, 14, 16
MM, 81, 11, 8
MM, 84, 7, 8
MM, 89, 2, 8
MM, 501, 671, 8
MM, 20, 24, 8
MM, 29, 18, 8
MM, 0, 15, 8
MM, 14, 8, 8
MM, 29, 0, 8
MM, 33, 27, 8
MM, 584, 623, 8
MM, 8, 18, 8
MM, 13, 11, 8
MM, 17, 8, 8
MM, 22, 6, 8
MM, 24, 5, 8
MM, 27, 1, 7
MM, 613, 600, 8
MM, 614, 599, 8
MM, 617, 598, 9
MM, 617, 596, 8
MM, 2, 30, 8
MM, 2, 29, 8
MM, 3, 28, 16
MM, 3, 27, 15
MM, 3, 26, 9
MM, 4, 26, 15
MM, 4, 25, 8
MM, 4, 24, 25
MM, 4, 22, 7
MM, 4, 21, 17
MM, 4, 20, 16
MM, 4, 19, 8
MM, 4, 17, 16
MM, 4, 15, 16
MM, 6, 14, 8
MM, 7, 13, 16
MM, 8, 13, 32
MC, 1, 193
MM, 8, 14, 15
MM, 8, 16, 8
MM, 7, 17, 8
MM, 5, 18, 8
MM, 4, 22, 8
MM, 1, 25, 8
MM, 614, 594, 8
MM, 611, 599, 8
MM, 21, 1, 8
MM, 16, 6, 8
MM, 11, 10, 8
MM, 7, 15, 8
MM, 2, 20, 8
MM, 585, 625, 8
MM, 582, 627, 8
MM, 580, 629, 8
MM, 32, 28, 8
MM, 31, 29, 9
MM, 30, 30, 7
MM, 29, 30, 8
MM, 572, 634, 8
MM, 570, 635, 7
MM, 567, 638, 8
MM, 566, 638, 8
MM, 32, 0, 8
MM, 31, 1, 8
MM, 28, 1, 8
MM, 27, 2, 8
MM, 27, 3, 16
MM, 26, 4, 9
MM, 25, 4, 8
MM, 25, 5, 8
MM, 24, 5, 8
MM, 23, 7, 8
MM, 22, 7, 8
MM, 22, 8, 8
MM, 20, 8, 32
MC, 1, 224
MM, 20, 9, 32
MM, 20, 11, 8
MM, 19, 16, 8
MM, 18, 18, 8
MM, 15, 23, 8
MM, 13, 29, 8
MM, 546, 672, 8
MM, 544, 675, 8
MM, 138, 4, 8
MM, 137, 5, 8
MM, 135, 7, 8
MM, 135, 8, 8
MM, 134, 8, 8
MM, 134, 9, 16
MM, 134, 11, 64
MC, 1, 207
MM, 134, 9, 24
MM, 134, 7, 8
MM, 134, 4, 9
MM, 134, 0, 18
MM, 539, 672, 2
MM, 4, 28, 3
MM, 4, 22, 8
MM, 4, 18, 8
MM, 4, 14, 8
MM, 4, 9, 8
MM, 4, 5, 8
MM, 2, 1, 8
MM, 536, 635, 8
MM, 32, 29, 8
MM, 31, 25, 9
MM, 29, 22, 7
MM, 29, 19, 8
MM, 28, 15, 9
MM, 28, 14, 7
MM, 28, 11, 8
MM, 28, 9, 9
MM, 28, 8, 8
MM, 28, 5, 7
MM, 28, 4, 8
MM, 28, 2, 16
MM, 28, 1, 25
MM, 28, 0, 7
MM, 531, 600, 8
MM, 531, 599, 16
MM, 531, 598, 9
MM, 531, 597, 15
MM, 530, 597, 8
MM, 530, 596, 9
MM, 529, 596, 8
MM, 28, 30, 24
MM, 27, 29, 15
MM, 26, 29, 9
MM, 26, 27, 8
MM, 25, 26, 8
MM, 25, 25, 15
MM, 24, 24, 9
MM, 23, 23, 8
MM, 22, 23, 15
MM, 20, 22, 8
MM, 19, 21, 8
MM, 18, 19, 17
MM, 18, 18, 8
MM, 17, 18, 40
MC, 1, 168
MM, 18, 18, 23
MM, 20, 21, 8
MM, 22, 24, 9
MM, 24, 25, 8
MM, 26, 28, 7
MM, 29, 29, 8
MM, 531, 598, 9
MM, 534, 601, 8
MM, 32, 1, 8
MM, 34, 2, 7
MM, 540, 606, 9
MM, 541, 607, 7
MM, 542, 609, 9
MM, 544, 610, 7
MM, 0, 9, 8
MM, 1, 9, 40
MM, 2, 10, 25
MM, 3, 10, 16
MM, 4, 10, 8
MM, 5, 11, 8
MM, 7, 11, 16
MM, 8, 12, 8
MM, 9, 13, 16
MM, 10, 15, 8
MM, 11, 16, 16
MM, 12, 17, 31
MM, 13, 17, 25
MM, 11, 17, 185
MM, 10, 17, 14
MM, 9, 17, 9
MM, 6, 17, 7
MM, 5, 17, 8
MM, 3, 17, 8
MM, 543, 617, 9
MM, 539, 617, 7
MM, 32, 14, 8
MM, 28, 12, 9
MM, 23, 11, 8
MM, 19, 9, 8
MM, 15, 8, 8
MM, 10, 6, 8
MM, 4, 3, 8
MM, 1, 0, 7
MM, 501, 601, 9
MM, 498, 600, 8
MM, 491, 596, 8
MM, 26, 30, 8
MM, 22, 28, 8
MM, 19, 28, 7
MM, 15, 27, 9
MM, 10, 27, 8
MM, 6, 25, 8
MM, 2, 24, 8
MM, 458, 588, 8
MM, 34, 23, 8
MM, 30, 23, 8
MM, 27, 23, 8
MM, 24, 21, 8
MM, 22, 21, 8
MM, 21, 21, 8
MM, 20, 21, 15
MM, 18, 21, 9
MC, 1, 320
MM, 18, 25, 31
MM, 439, 596, 9
MM, 439, 601, 8
MM, 15, 7, 8
MM, 16, 15, 8
MM, 16, 21, 8
MM, 18, 30, 8
MM, 32, 1, 8
MM, 33, 8, 8
MM, 449, 651, 8
MM, 450, 655, 7
MM, 452, 658, 8
MM, 453, 661, 8
MM, 453, 662, 8
MM, 0, 25, 8
MM, 1, 25, 8
MM, 3, 27, 8
MM, 3, 28, 8
MM, 3, 29, 16
MM, 3, 30, 46
MM, 458, 670, 2
MM, 458, 671, 8
MM, 459, 672, 8
MM, 459, 674, 8
MM, 55, 0, 8
MM, 55, 1, 9
MM, 56, 5, 8
MM, 56, 9, 8
MM, 58, 14, 7
MM, 59, 16, 9
MM, 59, 18, 8
MM, 59, 19, 8
MM, 59, 20, 8
MM, 60, 20, 8
MM, 60, 19, 128
MM, 60, 17, 16
MM, 60, 16, 23
MM, 58, 16, 249
MM, 57, 15, 8
MM, 57, 13, 8
MM, 54, 11, 8
MM, 53, 9, 8
MM, 51, 6, 8
MM, 48, 3, 8
MM, 450, 675, 8
MM, 447, 670, 8
MM, 30, 27, 8
MM, 26, 22, 8
MM, 24, 18, 8
MM, 22, 15, 8
MM, 20, 12, 8
MM, 19, 8, 8
MM, 16, 5, 8
MM, 15, 2, 7
MM, 13, 1, 8
MM, 426, 636, 8
MM, 425, 633, 9
MM, 423, 631, 8
MM, 423, 628, 7
MM, 422, 625, 8
MM, 34, 20, 8
MM, 31, 19, 9
MM, 30, 16, 7
MM, 29, 15, 9
MM, 26, 13, 7
MM, 25, 12, 9
MM, 24, 9, 7
MM, 23, 8, 8
MM, 20, 7, 9
MM, 19, 6, 15
MM, 19, 4, 9
MM, 18, 3, 7
MM, 17, 2, 17
MM, 17, 1, 8
MM, 16, 0, 8
MM, 401, 601, 8
MM, 400, 601, 7
MM, 400, 600, 8
MM, 398, 598, 9
MM, 397, 598, 7
MM, 397, 597, 8
MM, 396, 596, 17
MM, 19, 29, 15
MM, 18, 29, 8
MM, 18, 28, 9
MM, 17, 26, 8
MM, 17, 25, 8
MM, 16, 24, 7
MM, 16, 23, 8
MM, 15, 23, 8
MM, 15, 22, 8
MC, 1, 178
MM, 17, 22, 14
MM, 18, 22, 8
MM, 21, 23, 9
MM, 23, 23, 8
MM, 26, 23, 8
MM, 29, 23, 8
MM, 31, 23, 8
MM, 34, 23, 8
MM, 36, 23, 8
MM, 416, 588, 8
MM, 0, 23, 8
MM, 4, 23, 8
MM, 10, 23, 8
MM, 18, 23, 8
MM, 27, 25, 8
MM, 458, 592, 8
MM, 8, 27, 8
MM, 22, 27, 8
MM, 496, 592, 8
MM, 8, 27, 8
MM, 24, 27, 8
MM, 534, 592, 8
MM, 16, 27, 9
MM, 571, 592, 7
MM, 15, 27, 8
MM, 33, 27, 8
MM, 6, 26, 8
MM, 17, 26, 8
MM, 28, 26, 8
MM, 650, 589, 8
MM, 1, 24, 8
MM, 4, 24, 8
MM, 5, 24, 7
MM, 6, 24, 24
MM, 6, 23, 17
MM, 6, 22, 8
MM, 6, 21, 24
MM, 7, 21, 8
MM, 8, 20, 16
MM, 10, 20, 16
MM, 11, 19, 16
MM, 12, 19, 24
MM, 14, 18, 16
MM, 15, 18, 8
MC, 1, 216
MM, 14, 19, 16
MM, 13, 20, 16
MM, 12, 20, 8
MM, 9, 20, 8
MM, 8, 20, 8
MM, 6, 20, 8
MM, 3, 20, 8
MM, 652, 585, 8
MM, 648, 585, 7
MM, 28, 20, 9
MM, 20, 20, 8
MM, 11, 20, 8
MM, 0, 20, 8
MM, 31, 20, 8
MM, 20, 20, 8
MM, 9, 20, 8
MM, 573, 585, 7
MM, 26, 20, 8
MM, 18, 20, 8
MM, 12, 19, 9
MM, 6, 19, 7
MM, 2, 19, 9
MM, 533, 584, 7
MM, 531, 583, 9
MM, 23, 18, 20
MM, 20, 18, 3
MM, 18, 17, 8
MM, 12, 17, 9
MM, 7, 17, 8
MM, 3, 15, 8
MM, 498, 580, 8
MM, 493, 580, 7
MM, 30, 15, 8
MM, 27, 15, 9
MM, 26, 15, 16
MM, 25, 15, 16
MM, 24, 15, 31
MC, 1, 265
MM, 25, 15, 24
MM, 26, 15, 8
MM, 29, 15, 8
MM, 494, 582, 8
MM, 0, 20, 8
MM, 4, 21, 8
MM, 11, 25, 8
MM, 22, 28, 8
MM, 528, 597, 7
MM, 537, 600, 8
MM, 0, 0, 8
MM, 9, 2, 9
MM, 18, 4, 8
MM, 29, 4, 8
MM, 580, 607, 8
MM, 0, 7, 8
MM, 6, 7, 8
MM, 12, 8, 8
MM, 16, 10, 9
MM, 21, 10, 7
MM, 23, 10, 8
MM, 26, 10, 8
MM, 30, 10, 8
MM, 619, 613, 8
MM, 0, 11, 8
MM, 4, 11, 8
MM, 9, 11, 8
MM, 13, 12, 8
MM, 19, 12, 8
MM, 23, 12, 8
MM, 26, 12, 8
MM, 30, 12, 8
MM, 31, 12, 8
MM, 658, 614, 8
MM, 661, 614, 8
MM, 0, 12, 8
MM, 3, 12, 8
MM, 7, 12, 8
MM, 10, 12, 8
MM, 11, 12, 8
MM, 12, 12, 8
MM, 13, 12, 15
MM, 14, 12, 185
MC, 1, 144
MM, 14, 14, 24
MM, 13, 14, 8
MM, 12, 15, 8
MM, 10, 16, 8
MM, 8, 17, 8
MM, 4, 19, 8
MM, 662, 622, 8
MM, 33, 23, 8
MM, 27, 25, 8
MM, 18, 27, 8
MM, 7, 27, 8
MM, 621, 630, 8
MM, 22, 28, 8
MM, 8, 30, 8
MM, 33, 30, 8
MM, 564, 634, 8
MM, 551, 634, 8
MM, 537, 634, 8
MM, 524, 634, 8
MM, 513, 634, 8
MM, 507, 634, 8
MM, 501, 634, 8
MM, 497, 634, 8
MM, 496, 634, 8
MM, 495, 634, 8
MM, 494, 634, 8
MM, 492, 634, 32
MM, 491, 634, 23
MM, 490, 634, 8
MM, 489, 634, 8
MM, 488, 633, 9
MM, 487, 633, 7
MM, 486, 633, 8
MM, 484, 633, 8
MM, 483, 633, 8
MM, 15, 30, 8
MM, 14, 30, 9
MM, 12, 30, 16
MM, 10, 29, 8
MM, 9, 28, 8
MM, 7, 28, 8
MM, 6, 26, 8
MM, 3, 24, 8
MM, 0, 22, 8
MM, 465, 623, 8
MM, 462, 623, 8
MM, 34, 21, 16
MM, 33, 20, 8
MM, 31, 20, 8
MM, 30, 19, 8
MM, 29, 18, 8
MM, 28, 18, 8
MM, 27, 17, 8
MM, 24, 15, 8
MM, 23, 15, 8
MM, 22, 15, 8
MM, 21, 15, 8
MM, 20, 14, 8
MM, 19, 14, 8
MM, 19, 13, 7
MM, 17, 13, 8
MM, 17, 12, 8
MC, 1, 241
MM, 18, 12, 40
MM, 20, 13, 8
MM, 23, 15, 8
MM, 27, 16, 8
MM, 461, 620, 8
MM, 3, 19, 8
MM, 12, 21, 8
MM, 26, 25, 8
MM, 5, 27, 8
MM, 19, 29, 8
MM, 544, 633, 8
MM, 558, 633, 8
MM, 577, 638, 8
MM, 19, 5, 8
MM, 32, 5, 8
MM, 1, 7, 8
MM, 10, 9, 25
MM, 16, 10, 2
MM, 20, 12, 1
MM, 29, 13, 4
MM, 651, 655, 8
MM, 654, 655, 8
MM, 656, 655, 7
MM, 1, 17, 8
MM, 2, 17, 16
MM, 3, 18, 8
MM, 4, 18, 33
MM, 5, 18, 48
MM, 6, 18, 16
MM, 7, 18, 8
MM, 9, 18, 16
MM, 10, 18, 8
MM, 11, 20, 24
MC, 1, 280
MM, 12, 20, 64
MM, 13, 20, 8
MM, 16, 20, 8
MM, 20, 19, 8
MM, 24, 18, 8
MM, 29, 18, 8
MM, 690, 655, 8
MM, 695, 652, 7
MM, 699, 651, 8
MM, 705, 649, 9
MM, 709, 648, 8
MM, 714, 646, 8
MM, 717, 645, 7
MM, 723, 642, 9
MM, 727, 640, 8
MM, 732, 639, 8
MM, 738, 637, 8
MM, 742, 636, 8
MM, 747, 634, 7
MM, 751, 633, 8
MM, 755, 633, 8
MM, 758, 631, 9
MM, 762, 630, 7
MM, 767, 629, 8
MM, 770, 627, 9
MM, 772, 624, 8
MM, 775, 621, 8
MM, 2, 2, 7
MM, 3, 0, 8
MM, 780, 615, 8
MM, 782, 611, 9
MM, 782, 608, 7
MM, 782, 602, 8
MM, 782, 596, 9
MM, 782, 592, 7
MM, 782, 587, 9
MM, 783, 583, 8
MM, 783, 579, 8
MM, 783, 576, 8
MM, 783, 574, 8
MM, 783, 569, 8
MM, 783, 568, 7
MM, 783, 566, 9
MM, 783, 563, 8
MM, 783, 562, 8
MM, 783, 560, 8
MM, 783, 559, 7
MM, 795, 559, 305
MM, 796, 565, 8
MM, 796, 570, 8
MM, 798, 576, 8
MM, 798, 584, 8
MM, 800, 593, 8
MM, 800, 599, 8
MM, 801, 607, 8
MM, 803, 613, 8
MM, 28, 0, 8
MM, 30, 7, 8
MM, 30, 13, 8
MM, 33, 15, 8
MM, 33, 18, 8
MM, 34, 21, 8
MM, 34, 22, 8
MM, 34, 23, 8
MM, 35, 24, 32
MM, 35, 25, 16
