********************************************************************************
LOGGING TIME: 20201021_162009
CLIENT IP: 192.168.137.1
USERNAME: izazuhur
OS: Windows 10
**********************************Emotional database********************************************************************************
MM, 615, 600, 1602022801807
MM, 34, 29, 16
MM, 31, 26, 10
MM, 30, 25, 7
MM, 28, 22, 11
MM, 26, 21, 4
MM, 22, 19, 9
MM, 21, 16, 7
MM, 18, 14, 10
MM, 15, 12, 7
MM, 13, 9, 8
MM, 8, 4, 8
MM, 5, 1, 8
MM, 576, 563, 8
MM, 571, 559, 8
MM, 25, 28, 8
MM, 21, 23, 8
MM, 16, 19, 8
MM, 13, 12, 8
MM, 5, 2, 8
MM, 543, 526, 8
MM, 539, 521, 8
MM, 536, 517, 8
MM, 531, 512, 8
MM, 271, 87, 8
MM, 268, 85, 8
MM, 265, 82, 8
MM, 262, 79, 8
MM, 259, 78, 8
MM, 257, 76, 9
MM, 254, 75, 7
MM, 251, 73, 8
MM, 250, 73, 8
MM, 249, 73, 8
MM, 248, 73, 8
MM, 247, 72, 64
MM, 245, 72, 8
MM, 244, 71, 7
MM, 242, 70, 16
MM, 241, 69, 8
MM, 238, 67, 8
MM, 235, 66, 8
MM, 234, 65, 9
MM, 233, 62, 7
MM, 228, 59, 9
MM, 225, 55, 8
MM, 223, 51, 8
MM, 216, 44, 8
MM, 213, 39, 8
MM, 210, 35, 7
MM, 205, 26, 9
MM, 195, 16, 7
MM, 187, 4, 9
MM, 433, 412, 8
MM, 427, 403, 8
MM, 419, 391, 7
MM, 411, 381, 9
MM, 152, 81, 8
MM, 146, 72, 8
MM, 143, 65, 7
MM, 140, 61, 9
MM, 138, 54, 9
MM, 137, 50, 6
MM, 134, 44, 9
MM, 134, 41, 8
MM, 132, 37, 8
MM, 131, 32, 8
MM, 129, 26, 8
MM, 128, 22, 8
MM, 126, 16, 8
MM, 125, 13, 8
MM, 123, 10, 8
MM, 123, 8, 8
MM, 120, 5, 8
MM, 120, 2, 8
MM, 120, 0, 8
MM, 375, 290, 8
MM, 374, 287, 8
MM, 374, 284, 8
MM, 374, 280, 8
MM, 373, 276, 8
MM, 371, 271, 8
MM, 371, 267, 8
MM, 370, 263, 8
MM, 368, 257, 8
MM, 360, 174, 80
MM, 360, 168, 8
MM, 358, 160, 8
MM, 358, 156, 8
MM, 358, 150, 7
MM, 358, 145, 9
MM, 358, 144, 7
MM, 358, 142, 8
MM, 358, 139, 9
MM, 358, 137, 7
MM, 360, 132, 21
MM, 360, 128, 1
MM, 361, 125, 3
MM, 361, 123, 8
MM, 361, 120, 8
MM, 361, 119, 8
MM, 361, 118, 16
MM, 361, 117, 8
MM, 360, 116, 7
MM, 359, 116, 9
MM, 357, 116, 15
MM, 356, 116, 16
MM, 358, 116, 128
MM, 362, 116, 8
MM, 366, 114, 8
MM, 371, 114, 8
MM, 375, 114, 8
MM, 379, 114, 8
MM, 383, 114, 9
MM, 389, 114, 8
MM, 397, 114, 8
MM, 436, 120, 759
MM, 433, 125, 9
MM, 431, 131, 20
MM, 427, 135, 2
MM, 421, 142, 2
MM, 420, 151, 8
MM, 415, 156, 8
MM, 410, 160, 8
MM, 405, 170, 8
MM, 401, 176, 8
MM, 368, 254, 129
MM, 366, 258, 6
MM, 365, 261, 9
MM, 364, 265, 7
MM, 362, 268, 9
MM, 361, 274, 8
MM, 361, 278, 8
MM, 356, 281, 8
MM, 355, 284, 8
MM, 353, 288, 8
MM, 96, 2, 8
MM, 93, 6, 8
MM, 91, 11, 8
MM, 90, 15, 8
MM, 90, 21, 8
MM, 90, 25, 8
MM, 90, 28, 8
MM, 90, 29, 8
MM, 90, 30, 8
MC, 1, 312
MM, 89, 30, 22280
MM, 88, 29, 8
MM, 87, 28, 8
MM, 84, 26, 8
MM, 81, 24, 8
MM, 77, 19, 9
MM, 72, 18, 8
MM, 68, 18, 9
MM, 64, 18, 6
MM, 61, 18, 8
MM, 58, 19, 8
MM, 58, 22, 9
MM, 57, 25, 7
MM, 57, 27, 7
MM, 56, 30, 9
MM, 56, 34, 8
MM, 56, 42, 7
MM, 56, 48, 8
MM, 56, 61, 9
MM, 56, 71, 8
MM, 54, 80, 8
MM, 310, 377, 8
MM, 310, 385, 8
MM, 310, 391, 8
MM, 312, 402, 8
MM, 312, 412, 8
MM, 56, 6, 8
MM, 56, 17, 8
MM, 58, 28, 8
MM, 60, 42, 24
MM, 62, 66, 3
MM, 66, 78, 5
MM, 69, 87, 8
MM, 330, 512, 8
MM, 335, 516, 8
MM, 339, 519, 8
MM, 340, 520, 9
MM, 341, 520, 7
MM, 341, 519, 40
MM, 341, 517, 8
MM, 343, 512, 8
MM, 343, 510, 8
MM, 88, 85, 8
MM, 88, 81, 8
MM, 90, 80, 10
MM, 90, 77, 6
MM, 91, 76, 8
MM, 92, 74, 8
MM, 92, 73, 8
MM, 93, 71, 8
MM, 94, 70, 8
MM, 94, 69, 8
MM, 94, 68, 8
MM, 95, 67, 8
MM, 95, 65, 17
MM, 97, 63, 15
MM, 97, 62, 16
MM, 98, 62, 8
MM, 97, 60, 8
MM, 97, 59, 32
MC, 1, 225
MM, 98, 59, 543
MM, 100, 59, 8
MM, 104, 59, 8
MM, 110, 59, 25
MM, 134, 60, 2
MM, 153, 62, 5
MM, 167, 64, 8
MM, 181, 68, 8
MM, 192, 70, 8
MM, 199, 73, 7
MM, 205, 74, 8
MM, 206, 76, 8
MM, 208, 78, 9
MM, 208, 79, 8
MM, 208, 82, 8
MM, 207, 83, 8
MM, 206, 88, 7
MM, 461, 513, 9
MM, 459, 519, 8
MM, 459, 525, 8
MM, 458, 531, 8
MM, 456, 535, 8
MM, 455, 540, 7
MM, 34, 16, 8
MM, 34, 19, 8
MM, 34, 21, 9
MM, 31, 24, 8
MM, 30, 27, 8
MM, 29, 29, 8
MM, 448, 562, 8
MM, 448, 564, 8
MM, 28, 0, 8
MM, 28, 2, 8
MM, 28, 3, 8
MM, 28, 4, 8
MM, 29, 4, 23
MM, 29, 5, 8
MM, 30, 5, 26
MM, 31, 5, 8
MM, 455, 570, 7
MM, 0, 3, 8
MM, 9, 1, 8
MM, 479, 564, 8
MM, 490, 562, 8
MM, 499, 559, 8
MM, 510, 559, 8
MM, 514, 559, 8
MM, 518, 559, 8
MM, 21, 29, 8
MM, 23, 29, 8
MM, 29, 29, 8
MM, 539, 557, 8
MM, 7, 29, 8
MM, 18, 29, 8
MM, 29, 29, 8
MM, 583, 558, 8
MM, 5, 30, 8
MM, 11, 30, 8
MM, 599, 560, 9
MM, 601, 560, 7
MM, 602, 560, 8
MM, 602, 561, 64
MM, 602, 562, 16
MM, 602, 563, 16
MM, 602, 564, 7
MM, 27, 0, 9
MM, 27, 1, 8
MM, 27, 3, 8
MM, 27, 5, 7
MM, 27, 6, 8
MM, 27, 7, 9
MM, 27, 8, 9
MM, 27, 10, 6
MM, 27, 11, 9
MM, 28, 12, 7
MM, 29, 13, 17
MM, 30, 14, 7
MM, 31, 15, 8
MM, 32, 15, 9
MM, 34, 15, 15
MM, 610, 580, 9
MM, 611, 580, 8
MM, 612, 580, 8
MM, 613, 580, 8
MM, 614, 580, 24
MM, 614, 579, 25
MM, 615, 579, 15
MM, 0, 14, 16
MM, 2, 14, 8
MM, 3, 14, 8
MM, 4, 14, 8
MM, 5, 14, 8
MM, 6, 14, 16
MM, 6, 13, 104
MM, 7, 13, 33
MC, 1, 175
MM, 6, 15, 24
MM, 3, 20, 8
MM, 0, 26, 8
MM, 616, 600, 8
MM, 26, 9, 8
MM, 22, 18, 8
MM, 17, 25, 8
MM, 12, 30, 8
MM, 596, 635, 8
MM, 596, 636, 8
MM, 594, 637, 9
MM, 593, 637, 79
MM, 592, 637, 32
MM, 591, 637, 16
MM, 591, 638, 8
MM, 14, 0, 8
MM, 11, 2, 8
MM, 8, 4, 8
MM, 4, 6, 8
MM, 572, 648, 8
MM, 34, 12, 8
MM, 27, 15, 8
MM, 23, 15, 8
MM, 20, 18, 8
MM, 18, 18, 8
MM, 17, 19, 8
MM, 15, 19, 8
MM, 14, 19, 8
MM, 13, 19, 16
MM, 12, 19, 32
MM, 11, 18, 25
MM, 11, 17, 39
MC, 1, 168
MM, 11, 19, 16
MM, 9, 26, 8
MM, 540, 674, 8
MM, 129, 5, 8
MM, 122, 14, 8
MM, 118, 23, 8
MM, 113, 30, 8
MM, 513, 711, 9
MM, 510, 715, 7
MM, 509, 718, 8
MM, 506, 721, 7
MM, 505, 721, 9
MM, 505, 722, 7
MP, 1, 169
MR, 1, 88
MC, 1, 0
MM, 504, 722, 25
MM, 503, 722, 7
MM, 503, 719, 16
MM, 502, 718, 16
MM, 502, 717, 8
MM, 502, 716, 136
MM, 502, 714, 8
MM, 502, 712, 8
MM, 503, 710, 8
MM, 105, 29, 9
MM, 109, 26, 7
MM, 116, 21, 8
MM, 127, 15, 8
MM, 144, 9, 8
MM, 569, 678, 8
MM, 590, 674, 8
MM, 37, 29, 10
MM, 16, 22, 6
MM, 1, 15, 8
MM, 21, 9, 8
MM, 695, 639, 8
MM, 709, 633, 8
MM, 721, 627, 8
MM, 733, 619, 9
MM, 742, 612, 7
MM, 747, 607, 8
MM, 752, 602, 8
MM, 756, 599, 8
MM, 759, 597, 9
MM, 762, 594, 7
MM, 765, 592, 9
MM, 766, 591, 8
MM, 767, 589, 7
MM, 768, 588, 8
MM, 769, 585, 8
MM, 772, 585, 8
MM, 775, 582, 8
MM, 776, 581, 8
MM, 778, 580, 9
MM, 785, 578, 7
MM, 793, 578, 9
MM, 801, 578, 7
MM, 809, 578, 7
MM, 818, 578, 9
MM, 826, 578, 7
MM, 832, 578, 8
MM, 835, 577, 8
MM, 836, 576, 9
MM, 837, 575, 7
MM, 837, 574, 9
MM, 837, 571, 8
MM, 837, 570, 8
MM, 838, 569, 7
MM, 839, 569, 9
MM, 839, 568, 8
MM, 839, 567, 8
MM, 839, 565, 16
MM, 839, 564, 24
MM, 839, 563, 8
MM, 839, 562, 15
MM, 839, 561, 8
MM, 839, 560, 9
MM, 839, 559, 9
MM, 5, 25, 983
MM, 5, 23, 16
MM, 5, 22, 41
MM, 3, 22, 7
MM, 3, 21, 8
MM, 3, 20, 8
MM, 3, 19, 17
MM, 3, 18, 7
MM, 3, 17, 8
MM, 2, 14, 8
MM, 2, 13, 8
MM, 1, 11, 8
MM, 418, 573, 8
MM, 415, 571, 8
MM, 414, 569, 8
MM, 413, 564, 8
MM, 410, 563, 8
MM, 410, 562, 8
MM, 410, 561, 8
MM, 410, 559, 10
MM, 32, 29, 6
MM, 33, 28, 16
MM, 33, 27, 7
MM, 414, 552, 8
MM, 414, 551, 9
MM, 414, 550, 7
MM, 414, 549, 16
MM, 414, 548, 16
MM, 414, 546, 9
MM, 414, 545, 7
MM, 414, 544, 8
MM, 414, 543, 8
MM, 414, 542, 16
MM, 414, 541, 17
MM, 414, 540, 7
MM, 33, 12, 8
MM, 30, 10, 8
MM, 29, 10, 8
MM, 27, 10, 8
MM, 24, 10, 8
MM, 20, 9, 8
MM, 16, 9, 8
MM, 14, 9, 8
MM, 12, 9, 8
MM, 11, 9, 8
MM, 14, 9, 281
MM, 17, 9, 8
MM, 18, 9, 8
MM, 21, 9, 8
MM, 23, 10, 8
MM, 26, 10, 8
MM, 28, 10, 8
MM, 31, 12, 8
MM, 413, 541, 8
MM, 416, 541, 9
MM, 1, 13, 7
MM, 2, 13, 8
MM, 5, 13, 8
MM, 6, 13, 8
MM, 7, 13, 8
MM, 8, 14, 272
MM, 9, 16, 8
MM, 11, 17, 8
MM, 12, 18, 8
MM, 16, 19, 8
MM, 22, 22, 8
MM, 31, 24, 8
MM, 459, 556, 8
MM, 473, 560, 8
MM, 21, 0, 8
MM, 30, 2, 8
MM, 497, 570, 8
MM, 5, 9, 8
MM, 9, 12, 8
MM, 16, 13, 8
MM, 20, 16, 8
MM, 23, 19, 8
MM, 28, 24, 8
MM, 532, 596, 8
MM, 536, 600, 8
MM, 34, 3, 8
MM, 541, 609, 8
MM, 544, 612, 8
MM, 2, 14, 8
MM, 3, 17, 8
MM, 6, 23, 8
MM, 11, 28, 8
MM, 559, 635, 8
MM, 29, 0, 8
MM, 571, 646, 8
MM, 0, 10, 8
MM, 3, 15, 9
MM, 5, 18, 7
MM, 6, 19, 8
MM, 7, 20, 8
MM, 8, 21, 8
MM, 9, 21, 16
MM, 10, 21, 48
MM, 11, 21, 8
MM, 12, 21, 8
MM, 14, 21, 8
MM, 14, 18, 8
MM, 15, 17, 8
MM, 17, 16, 8
MM, 19, 13, 8
MM, 20, 12, 8
MM, 24, 12, 7
MM, 26, 13, 17
MM, 28, 15, 9
MM, 29, 15, 7
MM, 30, 16, 9
MM, 31, 18, 15
MM, 32, 18, 8
MM, 33, 18, 8
MM, 35, 19, 8
MM, 36, 19, 8
MM, 38, 19, 8
MM, 616, 659, 8
MM, 618, 659, 8
MM, 1, 20, 8
MM, 2, 20, 8
MM, 3, 20, 8
MM, 4, 20, 40
MM, 5, 20, 8
MM, 7, 20, 8
MM, 9, 20, 8
MM, 10, 20, 8
MM, 11, 20, 8
MM, 14, 20, 8
MM, 15, 20, 8
MM, 16, 20, 8
MM, 18, 20, 8
MM, 20, 20, 7
MM, 21, 20, 8
MM, 22, 20, 8
MM, 23, 20, 16
MM, 24, 20, 8
MM, 25, 20, 8
MM, 26, 19, 8
MM, 28, 19, 8
MM, 29, 19, 27
MM, 29, 18, 1
MM, 30, 18, 4
MM, 651, 656, 8
MM, 652, 654, 8
MM, 653, 653, 8
MM, 656, 651, 17
MM, 0, 12, 7
MM, 1, 11, 17
MM, 2, 11, 8
MM, 3, 9, 40
MM, 4, 9, 16
MM, 6, 9, 39
MC, 1, 281
MM, 5, 9, 24
MM, 3, 10, 8
MM, 0, 10, 8
MM, 653, 650, 8
MM, 30, 11, 9
MM, 26, 14, 7
MM, 20, 17, 8
MM, 13, 21, 8
MM, 4, 26, 8
MM, 37, 30, 8
MM, 601, 673, 8
MM, 592, 675, 8
MM, 585, 678, 8
MM, 579, 680, 9
MM, 575, 681, 7
MM, 570, 681, 7
MM, 163, 5, 9
MM, 160, 6, 8
MM, 157, 8, 8
MM, 157, 9, 7
MM, 155, 9, 9
MM, 152, 9, 7
MM, 150, 10, 8
MM, 147, 13, 9
MM, 144, 16, 9
MM, 141, 17, 6
MM, 139, 19, 8
MM, 136, 21, 9
MM, 133, 23, 8
MM, 132, 24, 8
MM, 131, 24, 7
MM, 130, 24, 17
MM, 128, 24, 40
MM, 127, 24, 15
MM, 126, 24, 17
MM, 125, 24, 24
MM, 125, 23, 8
MC, 1, 145
MM, 125, 22, 15
MM, 124, 19, 8
MM, 124, 18, 8
MM, 124, 16, 8
MM, 124, 11, 8
MM, 124, 7, 8
MM, 127, 0, 8
MM, 536, 670, 8
MM, 5, 26, 8
MM, 6, 22, 8
MM, 9, 16, 8
MM, 12, 13, 7
MM, 15, 8, 10
MM, 18, 5, 7
MM, 21, 3, 9
MM, 560, 637, 7
MM, 562, 634, 8
MM, 20, 29, 8
MM, 23, 26, 8
MM, 26, 22, 8
MM, 27, 21, 8
MM, 28, 18, 8
MM, 33, 15, 8
MM, 33, 13, 8
MM, 34, 10, 8
MM, 582, 609, 25
MM, 0, 2, 3
MM, 589, 601, 4
MM, 592, 598, 9
MM, 593, 597, 6
MM, 21, 29, 8
MM, 23, 28, 8
MM, 25, 27, 16
MM, 26, 27, 9
MM, 26, 26, 7
MM, 27, 26, 65
MM, 27, 24, 9
MM, 28, 24, 15
MM, 28, 23, 16
MM, 29, 23, 8
MM, 30, 22, 15
MM, 31, 22, 24
MM, 31, 21, 17
MM, 31, 20, 24
MM, 33, 19, 16
MM, 34, 19, 8
MM, 610, 583, 8
MM, 611, 581, 7
MM, 613, 580, 9
MM, 0, 15, 8
MM, 1, 14, 8
MM, 2, 14, 8
MM, 3, 13, 8
MM, 5, 13, 8
MM, 6, 13, 80
MM, 7, 13, 64
MC, 1, 160
MM, 6, 14, 32
MM, 3, 17, 8
MM, 2, 20, 8
MM, 615, 587, 8
MM, 610, 592, 8
MM, 607, 596, 8
MM, 603, 601, 9
MM, 12, 4, 7
MM, 9, 8, 8
MM, 4, 13, 8
MM, 0, 17, 8
MM, 583, 624, 8
MM, 33, 26, 8
MM, 29, 28, 8
MM, 26, 29, 8
MM, 570, 634, 8
MM, 569, 635, 8
MM, 566, 635, 8
MM, 565, 635, 8
MM, 564, 638, 8
MM, 563, 638, 15
MM, 561, 638, 9
MM, 26, 0, 8
MM, 24, 1, 8
MM, 21, 2, 8
MM, 19, 2, 8
MM, 16, 4, 7
MM, 15, 5, 9
MM, 14, 6, 7
MM, 12, 6, 17
MM, 12, 7, 7
MM, 11, 7, 18
MM, 10, 7, 47
MC, 1, 224
MM, 10, 10, 25
MM, 10, 12, 7
MM, 10, 16, 8
MM, 9, 23, 8
MM, 543, 670, 21
MM, 136, 8, 4
MM, 136, 14, 7
MM, 135, 17, 8
MM, 133, 21, 8
MM, 133, 24, 8
MM, 132, 25, 8
MM, 132, 26, 8
MC, 1, 216
MM, 131, 26, 16
MM, 128, 26, 8
MM, 126, 25, 8
MM, 121, 22, 8
MM, 115, 18, 8
MM, 103, 10, 8
MM, 93, 3, 8
MM, 489, 671, 8
MM, 23, 26, 8
MM, 11, 16, 8
MM, 450, 647, 8
MM, 24, 0, 8
MM, 0, 29, 8
MM, 29, 23, 8
MM, 22, 17, 8
MM, 16, 14, 8
MM, 11, 13, 9
MM, 10, 13, 7
MM, 9, 12, 8
MM, 9, 10, 128
MC, 1, 225
MM, 10, 10, 38
MM, 15, 10, 9
MM, 19, 10, 7
MM, 25, 10, 9
MM, 31, 10, 8
MM, 0, 10, 8
MM, 16, 10, 8
MM, 32, 10, 8
MM, 7, 10, 8
MM, 501, 612, 8
MM, 20, 10, 8
MM, 6, 10, 8
MM, 580, 612, 8
MM, 20, 10, 8
MM, 10, 10, 8
MM, 29, 8, 8
MM, 5, 8, 8
MM, 21, 6, 8
MM, 695, 606, 8
MM, 702, 605, 8
MM, 708, 603, 8
MM, 714, 602, 8
MM, 717, 600, 8
MM, 719, 599, 8
MM, 724, 598, 8
MM, 726, 596, 8
MM, 32, 29, 8
MM, 34, 28, 8
MM, 34, 26, 8
MM, 34, 25, 16
MM, 34, 24, 7
MM, 729, 588, 8
MM, 729, 587, 17
MM, 730, 587, 8
MM, 729, 587, 192
MM, 33, 22, 16
MM, 32, 22, 8
MM, 31, 22, 16
MM, 30, 22, 8
MC, 1, 177
MM, 29, 22, 79
MM, 28, 22, 8
MM, 25, 23, 8
MM, 21, 23, 7
MM, 17, 26, 9
MM, 8, 30, 9
MM, 693, 598, 24
MM, 0, 0, 2
MM, 23, 7, 5
MM, 7, 7, 8
MM, 25, 9, 8
MM, 6, 11, 7
MM, 31, 11, 9
MM, 12, 13, 8
MM, 544, 615, 8
MM, 27, 13, 8
MM, 13, 13, 8
MM, 0, 13, 8
MM, 498, 615, 8
MM, 23, 13, 8
MM, 17, 13, 8
MM, 11, 14, 8
MM, 6, 14, 8
MM, 5, 14, 8
MM, 4, 14, 8
MM, 3, 14, 10
MM, 2, 14, 14
MM, 1, 14, 16
MM, 466, 616, 15
MM, 465, 616, 10
MM, 464, 616, 15
MM, 463, 616, 7
MM, 461, 616, 17
MM, 32, 14, 8
MM, 29, 13, 8
MM, 27, 13, 8
MM, 22, 13, 8
MM, 21, 13, 8
MM, 20, 13, 8
MM, 19, 13, 8
MM, 18, 13, 8
MM, 17, 13, 8
MM, 16, 13, 16
MM, 13, 13, 8
MM, 12, 13, 8
MM, 10, 13, 8
MM, 9, 13, 8
MM, 7, 13, 8
MM, 6, 13, 8
MM, 5, 13, 16
MM, 4, 13, 17
MM, 3, 13, 7
MM, 2, 13, 8
MM, 424, 615, 8
MM, 421, 615, 9
MM, 32, 13, 7
MM, 28, 13, 8
MM, 24, 13, 8
MM, 19, 13, 8
MM, 15, 13, 9
MM, 11, 13, 7
MM, 8, 13, 8
MM, 6, 13, 8
MM, 1, 13, 8
MM, 384, 615, 8
MM, 381, 615, 8
MM, 379, 615, 9
MM, 33, 13, 7
MM, 31, 13, 8
MM, 30, 13, 17
MM, 29, 13, 79
MM, 28, 13, 25
MM, 27, 13, 24
MM, 24, 14, 23
MM, 20, 16, 8
MM, 13, 17, 8
MM, 5, 17, 8
MM, 343, 619, 9
MM, 55, 17, 7
MM, 49, 19, 8
MM, 43, 19, 8
MM, 41, 19, 8
MM, 39, 19, 8
MM, 40, 19, 64
MM, 40, 18, 8
MM, 41, 18, 8
MM, 42, 16, 8
MM, 43, 15, 8
MM, 44, 15, 8
MM, 44, 14, 8
MM, 45, 14, 8
MM, 46, 14, 8
MM, 48, 14, 48
MM, 50, 14, 16
MM, 53, 14, 8
MM, 54, 14, 8
MM, 55, 14, 8
MM, 57, 14, 8
MM, 339, 616, 8
MM, 340, 616, 8
MM, 341, 616, 9
MM, 342, 616, 6
MM, 343, 616, 8
MM, 2, 14, 17
MM, 3, 14, 7
MM, 4, 14, 9
MM, 5, 14, 8
MM, 6, 15, 7
MM, 7, 15, 282
MM, 8, 15, 7
MM, 10, 15, 16
MM, 11, 15, 8
MM, 12, 14, 8
MM, 12, 13, 16
MM, 13, 13, 16
MM, 14, 13, 24
MC, 1, 145
MM, 15, 14, 103
MM, 16, 15, 8
MM, 18, 18, 8
MM, 19, 19, 8
MM, 23, 20, 8
MM, 25, 22, 8
MM, 30, 25, 8
MM, 33, 26, 9
MM, 381, 628, 7
MM, 382, 628, 8
MM, 1, 26, 8
MM, 3, 26, 8
MM, 5, 26, 10
MM, 6, 26, 6
MM, 8, 27, 8
MM, 9, 27, 9
MM, 10, 27, 7
MM, 12, 28, 8
MM, 13, 28, 8
MM, 14, 28, 9
MM, 15, 30, 7
MM, 17, 30, 8
MM, 404, 633, 8
MM, 405, 633, 8
MM, 407, 634, 9
MM, 408, 634, 7
MM, 410, 635, 9
MM, 411, 635, 8
MM, 412, 636, 8
MM, 413, 636, 16
MM, 414, 637, 63
MM, 1, 0, 8
MM, 2, 1, 8
MM, 3, 2, 8
MM, 5, 3, 8
MM, 6, 4, 16
MM, 8, 7, 8
MM, 11, 8, 8
MM, 14, 9, 8
MM, 15, 10, 8
MM, 17, 10, 8
MM, 22, 13, 7
MM, 23, 13, 8
MM, 24, 13, 9
MM, 25, 13, 8
MM, 26, 15, 10
MC, 1, 238
MM, 26, 14, 24
MM, 25, 14, 8
MM, 25, 13, 8
MM, 24, 12, 8
MM, 23, 11, 8
MM, 22, 9, 9
MM, 20, 6, 8
MM, 20, 2, 7
MM, 20, 0, 8
MM, 433, 636, 8
MM, 433, 633, 8
MM, 7, 28, 24
MM, 7, 22, 3
MM, 7, 19, 4
MM, 7, 16, 9
MM, 6, 14, 8
MM, 6, 13, 8
MM, 6, 10, 9
MM, 6, 9, 8
MM, 7, 7, 7
MM, 7, 5, 8
MM, 8, 3, 7
MM, 10, 0, 9
MM, 436, 601, 8
MM, 436, 600, 8
MM, 438, 599, 8
MM, 438, 597, 8
MM, 438, 596, 8
MM, 18, 30, 8
MM, 18, 29, 8
MM, 19, 28, 24
MM, 19, 27, 16
MM, 19, 26, 24
MC, 1, 200
MM, 19, 27, 40
MM, 439, 596, 8
MM, 439, 601, 8
MM, 13, 3, 8
MM, 13, 7, 8
MM, 13, 11, 8
MM, 13, 16, 8
MM, 15, 20, 8
MM, 15, 24, 8
MM, 16, 29, 8
MM, 443, 633, 8
MM, 443, 636, 8
MM, 29, 0, 8
MM, 29, 1, 8
MM, 29, 2, 16
MM, 29, 3, 8
MM, 29, 4, 8
MM, 29, 7, 16
MM, 29, 8, 8
MM, 29, 10, 8
MM, 29, 14, 8
MM, 29, 19, 8
MM, 29, 23, 7
MM, 29, 27, 9
MM, 29, 30, 8
MM, 443, 671, 8
MM, 443, 672, 8
MM, 443, 675, 8
MM, 38, 0, 8
MC, 1, 241
MM, 37, 0, 15
MM, 441, 675, 8
MM, 440, 674, 8
MM, 439, 671, 8
MM, 438, 670, 8
MM, 21, 27, 8
MM, 20, 26, 8
MM, 17, 22, 8
MM, 14, 17, 8
MM, 11, 11, 8
MM, 8, 7, 8
MM, 3, 4, 8
MM, 413, 640, 8
MM, 413, 638, 10
MM, 409, 634, 6
MM, 17, 29, 8
MM, 13, 26, 9
MM, 6, 21, 7
MM, 3, 18, 8
MM, 1, 16, 8
MM, 383, 615, 8
MM, 380, 613, 8
MM, 379, 612, 7
MM, 34, 9, 8
MM, 33, 8, 8
MM, 31, 8, 17
MM, 30, 7, 128
MM, 29, 6, 24
MC, 1, 169
MM, 34, 10, 15
MM, 380, 615, 8
MM, 2, 16, 7
MM, 5, 17, 9
MM, 7, 19, 7
MM, 12, 22, 9
MM, 15, 23, 8
MM, 16, 24, 8
MM, 16, 25, 8
MM, 17, 25, 8
MC, 1, 240
MM, 18, 25, 24
MM, 20, 24, 9
MM, 23, 23, 8
MM, 26, 20, 7
MM, 29, 18, 8
MM, 33, 17, 8
MM, 425, 616, 7
MM, 5, 9, 9
MM, 12, 5, 7
MM, 19, 2, 9
MM, 25, 0, 7
MM, 457, 599, 8
MM, 464, 598, 8
MM, 472, 596, 9
MM, 17, 29, 8
MM, 23, 29, 8
MM, 28, 28, 8
MM, 493, 591, 8
MM, 494, 590, 8
MM, 494, 589, 16
MM, 496, 589, 48
MM, 497, 589, 15
MM, 498, 589, 8
MM, 498, 588, 24
MM, 498, 587, 9
MM, 0, 22, 9
MM, 0, 21, 7
MM, 1, 21, 8
MM, 2, 20, 8
MM, 3, 18, 16
MM, 4, 17, 8
MM, 6, 16, 8
MM, 6, 15, 16
MM, 7, 15, 8
MM, 7, 14, 8
MM, 8, 14, 8
MM, 8, 13, 8
MM, 9, 13, 8
MM, 10, 13, 8
MM, 10, 12, 7
MM, 11, 10, 9
MM, 6, 11, 200
MM, 5, 11, 8
MM, 3, 11, 8
MM, 2, 11, 8
MM, 1, 11, 8
MM, 0, 12, 7
MM, 496, 577, 9
MM, 495, 577, 8
MM, 494, 577, 8
MM, 493, 577, 8
MM, 31, 12, 8
MM, 29, 12, 8
MM, 28, 12, 8
MM, 27, 12, 8
MM, 26, 12, 25
MM, 25, 12, 39
MM, 24, 12, 8
MM, 23, 12, 8
MM, 20, 12, 9
MM, 19, 12, 7
MC, 1, 168
MM, 22, 13, 24
MM, 26, 13, 8
MM, 497, 582, 8
MM, 7, 17, 8
MM, 18, 17, 8
MM, 28, 17, 9
MM, 10, 17, 7
MM, 29, 17, 8
MM, 11, 17, 8
MM, 610, 584, 8
MM, 10, 19, 8
MM, 29, 19, 8
MM, 5, 19, 8
MM, 16, 19, 8
MM, 24, 19, 8
MM, 29, 19, 8
MM, 31, 19, 8
MM, 30, 19, 329
MM, 29, 19, 7
MM, 28, 19, 25
MC, 1, 191
MM, 26, 19, 17
MM, 25, 20, 7
MM, 25, 21, 8
MM, 23, 22, 8
MM, 20, 25, 8
MM, 17, 28, 8
MM, 11, 30, 8
MM, 659, 596, 8
MM, 653, 599, 8
MM, 23, 1, 9
MM, 17, 2, 6
MM, 13, 4, 8
MM, 10, 5, 10
MM, 9, 5, 7
MM, 8, 5, 8
MM, 7, 6, 17
MM, 6, 6, 15
MM, 4, 7, 17
MM, 3, 7, 6
MM, 3, 8, 17
MM, 2, 8, 8
MM, 2, 10, 23
MM, 1, 10, 17
MM, 1, 11, 7
MM, 0, 11, 8
MM, 622, 613, 9
MM, 621, 614, 8
MM, 619, 614, 15
MM, 618, 614, 9
MM, 617, 614, 8
MM, 30, 13, 7
MM, 29, 13, 9
MM, 28, 14, 8
MM, 25, 14, 8
MM, 24, 15, 7
MM, 23, 16, 9
MM, 21, 19, 8
MM, 18, 20, 8
MM, 16, 23, 8
MM, 15, 26, 8
MM, 12, 27, 8
MM, 11, 30, 7
MM, 596, 633, 9
MM, 595, 636, 7
MM, 593, 637, 8
MM, 592, 638, 26
MM, 16, 1, 3
MM, 15, 1, 3
MM, 14, 2, 9
MM, 13, 3, 7
MM, 12, 3, 8
MM, 10, 3, 8
MM, 9, 3, 8
MM, 9, 4, 9
MM, 8, 4, 8
MM, 7, 4, 8
MM, 6, 4, 8
MM, 5, 6, 8
MM, 4, 6, 7
MM, 1, 6, 8
MM, 0, 7, 8
MM, 573, 646, 9
MM, 570, 647, 7
MM, 33, 8, 8
MM, 29, 10, 8
MM, 26, 10, 9
MM, 24, 11, 8
MM, 23, 11, 8
MM, 21, 11, 7
MM, 20, 11, 73
MC, 1, 201
MM, 19, 11, 47
MM, 18, 11, 8
MM, 16, 11, 8
MM, 9, 10, 8
MM, 532, 646, 8
MM, 25, 5, 8
MM, 501, 637, 8
MM, 15, 29, 8
MM, 465, 627, 8
MM, 20, 16, 8
MM, 6, 12, 8
MM, 33, 8, 8
MM, 22, 6, 8
MM, 17, 3, 8
MM, 13, 2, 8
MM, 8, 0, 9
MM, 7, 0, 7
MM, 6, 0, 32
MM, 391, 601, 8
MM, 390, 600, 40
MM, 389, 599, 18
MM, 388, 598, 6
MM, 387, 597, 17
MM, 385, 597, 7
MM, 7, 30, 8
MM, 6, 30, 8
MM, 5, 29, 8
MM, 4, 29, 8
MM, 4, 28, 8
MM, 3, 28, 8
MM, 2, 27, 8
MM, 376, 592, 16
MM, 375, 592, 8
MM, 374, 592, 8
MM, 371, 592, 8
MM, 367, 596, 8
MM, 362, 597, 8
MM, 14, 0, 8
MM, 10, 1, 8
MM, 7, 4, 8
MM, 4, 5, 8
MM, 3, 8, 8
MM, 1, 9, 8
MM, 0, 10, 8
MM, 0, 11, 8
MM, 343, 615, 8
MM, 343, 616, 8
MM, 343, 618, 7
MM, 343, 619, 9
MM, 343, 620, 15
MM, 343, 622, 9
MM, 343, 623, 15
MM, 0, 21, 113
MC, 1, 280
MM, 2, 21, 16
MM, 4, 21, 8
MM, 7, 21, 8
MM, 11, 21, 8
MM, 17, 21, 8
MM, 27, 20, 8
MM, 33, 18, 8
MM, 4, 17, 8
MM, 15, 11, 8
MM, 31, 11, 8
MM, 14, 9, 8
MM, 33, 9, 8
MM, 16, 6, 8
MM, 502, 608, 8
MM, 19, 6, 8
MM, 544, 608, 8
MM, 23, 6, 9
MM, 584, 606, 7
MM, 12, 2, 8
MM, 26, 2, 8
MM, 618, 604, 8
MM, 622, 603, 8
MM, 2, 1, 8
MM, 2, 0, 8
MM, 3, 0, 8
MM, 626, 601, 25
MM, 624, 599, 144
MM, 623, 598, 6
MM, 622, 597, 17
MM, 621, 597, 7
MM, 621, 596, 8
MM, 4, 30, 9
MM, 3, 29, 16
MM, 2, 29, 8
MM, 2, 26, 8
MM, 2, 25, 8
MM, 1, 24, 8
MM, 615, 589, 8
MM, 614, 588, 8
MM, 613, 588, 8
MM, 613, 587, 8
MM, 612, 587, 8
MM, 611, 587, 16
MM, 610, 587, 16
MM, 34, 22, 16
MM, 32, 22, 8
MM, 31, 22, 16
MM, 30, 22, 17
MM, 29, 22, 15
MM, 28, 22, 8
MM, 25, 22, 8
MM, 24, 22, 8
MM, 19, 20, 8
MM, 16, 20, 8
MM, 14, 20, 8
MM, 11, 19, 8
MM, 9, 19, 8
MM, 7, 19, 8
MM, 6, 19, 17
MC, 1, 168
MM, 5, 19, 71
MM, 4, 19, 8
MM, 2, 19, 8
MM, 0, 19, 8
MM, 573, 584, 7
MM, 570, 584, 9
MM, 30, 19, 8
MM, 26, 19, 9
MM, 21, 19, 6
MM, 17, 19, 8
MM, 13, 19, 8
MM, 10, 19, 9
MM, 8, 19, 8
MM, 5, 19, 7
MM, 4, 19, 8
MM, 2, 19, 8
MM, 535, 584, 9
MM, 534, 584, 8
MM, 531, 584, 8
MM, 530, 584, 8
MM, 29, 19, 9
MM, 28, 19, 8
MM, 25, 18, 7
MM, 24, 18, 9
MM, 23, 18, 96
MM, 22, 18, 15
MC, 1, 184
MM, 21, 20, 16
MM, 20, 21, 8
MM, 18, 24, 8
MM, 14, 25, 8
MM, 10, 27, 8
MM, 4, 27, 8
MM, 31, 29, 8
MM, 23, 29, 8
MM, 470, 596, 8
MM, 459, 597, 8
MM, 443, 599, 8
MM, 427, 599, 8
MM, 413, 599, 10
MM, 402, 599, 6
MM, 394, 599, 8
MM, 388, 599, 8
MM, 385, 599, 8
MM, 383, 599, 8
MM, 383, 601, 248
MM, 384, 602, 8
MM, 0, 2, 8
MM, 3, 4, 8
MM, 5, 6, 8
MM, 7, 8, 8
MM, 8, 9, 8
MM, 10, 10, 8
MM, 11, 11, 8
MM, 12, 11, 8
MM, 12, 12, 8
MM, 12, 13, 8
MM, 13, 13, 23
MM, 13, 15, 25
MC, 1, 272
MM, 14, 17, 80
MM, 14, 18, 8
MM, 17, 21, 8
MM, 18, 23, 8
MM, 21, 28, 8
MM, 408, 634, 8
MM, 411, 639, 8
MM, 412, 645, 8
MM, 1, 10, 8
MM, 4, 15, 8
MM, 9, 20, 8
MM, 12, 22, 8
MM, 14, 25, 9
MM, 17, 28, 7
MM, 434, 670, 8
MM, 437, 671, 8
MM, 440, 673, 8
MM, 442, 674, 8
MM, 443, 674, 8
MM, 445, 675, 8
MM, 447, 675, 8
MM, 43, 0, 9
MM, 44, 0, 7
MM, 45, 0, 8
MM, 47, 0, 8
MM, 49, 2, 9
MM, 50, 2, 7
MM, 51, 3, 8
MM, 52, 3, 8
MM, 52, 4, 8
MM, 54, 5, 16
MC, 1, 281
MM, 53, 5, 159
MM, 52, 5, 8
MM, 51, 5, 24
MM, 50, 5, 24
MM, 49, 4, 18
MM, 48, 3, 6
MM, 47, 3, 16
MM, 45, 1, 8
MM, 44, 1, 8
MM, 448, 675, 8
MM, 447, 674, 8
MM, 447, 673, 8
MM, 444, 671, 8
MM, 443, 670, 8
MM, 29, 29, 9
MM, 27, 27, 7
MM, 27, 26, 8
MM, 25, 26, 8
MM, 24, 25, 8
MM, 23, 24, 8
MM, 22, 24, 9
MM, 22, 23, 7
MM, 21, 22, 8
MM, 20, 21, 8
MM, 19, 19, 9
MM, 17, 18, 6
MM, 16, 17, 16
MM, 15, 16, 17
MM, 14, 16, 8
MM, 13, 15, 8
MM, 12, 14, 16
MM, 11, 14, 16
MM, 11, 13, 8
MM, 10, 12, 8
MM, 8, 12, 16
MM, 8, 10, 16
MC, 1, 224
MM, 7, 10, 72
MM, 5, 9, 8
MM, 0, 6, 8
MM, 410, 644, 8
MM, 29, 3, 8
MM, 394, 637, 8
MM, 390, 635, 8
MM, 382, 632, 8
MM, 379, 629, 8
MM, 29, 25, 8
MM, 26, 22, 8
MM, 23, 21, 8
MM, 20, 20, 8
MM, 19, 19, 8
MM, 18, 17, 16
MM, 17, 17, 8
MC, 1, 321
MM, 18, 17, 15
MM, 23, 17, 8
MM, 31, 20, 8
MM, 1, 22, 10
MM, 13, 26, 6
MM, 26, 26, 8
MM, 4, 26, 9
MM, 28, 26, 6
MM, 13, 26, 8
MM, 3, 26, 8
MM, 29, 26, 9
MM, 9, 26, 7
MM, 28, 26, 8
MM, 3, 28, 9
MM, 12, 29, 7
MM, 601, 633, 9
MM, 599, 634, 152
MM, 598, 634, 17
MM, 597, 634, 7
MM, 596, 634, 8
MM, 595, 634, 8
MM, 594, 634, 16
MM, 593, 634, 8
MM, 591, 634, 16
MM, 590, 634, 8
MM, 589, 635, 8
MM, 587, 636, 8
MM, 582, 636, 8
MM, 1, 0, 8
MM, 570, 639, 7
MM, 28, 4, 8
MM, 19, 4, 8
MM, 12, 9, 9
MM, 6, 11, 7
MM, 2, 11, 9
MM, 1, 12, 8
MM, 0, 12, 7
MM, 533, 652, 8
MM, 533, 653, 153
MM, 0, 14, 40
MM, 1, 14, 8
MM, 2, 14, 8
MM, 2, 13, 8
MM, 1, 13, 15
MM, 2, 13, 129
MM, 3, 13, 32
MM, 4, 13, 16
MM, 5, 13, 73
MM, 7, 13, 9
MM, 8, 13, 6
MM, 9, 13, 8
MM, 10, 13, 8
MM, 11, 13, 7
MC, 1, 289
MC, 2, 144
MC, 3, 104
MM, 12, 12, 145
MM, 13, 10, 7
MM, 13, 9, 8
MM, 15, 8, 8
MM, 15, 7, 9
MM, 17, 6, 7
MM, 20, 4, 8
MM, 24, 3, 8
MM, 27, 2, 9
MM, 31, 0, 24
MM, 570, 638, 1
MM, 574, 636, 2
MM, 579, 635, 4
MM, 583, 632, 8
MM, 1, 28, 8
MM, 6, 28, 8
MM, 10, 27, 8
MM, 13, 25, 8
MM, 17, 24, 9
MM, 20, 21, 7
MM, 21, 20, 8
MM, 22, 19, 8
MM, 24, 16, 8
MM, 26, 15, 8
MM, 29, 12, 8
MM, 617, 611, 8
MM, 619, 608, 8
MM, 622, 607, 7
MM, 3, 4, 9
MM, 5, 1, 8
MM, 8, 0, 9
MM, 9, 0, 8
MM, 633, 599, 7
MM, 634, 599, 8
MM, 635, 598, 8
MM, 636, 598, 8
MM, 638, 598, 8
MM, 23, 30, 8
MM, 23, 29, 8
MM, 24, 28, 8
MM, 25, 27, 8
MM, 25, 26, 8
MM, 26, 25, 16
MM, 26, 24, 16
MM, 26, 22, 9
MM, 26, 21, 15
MM, 27, 20, 32
MM, 28, 20, 24
MM, 30, 20, 8
MM, 648, 585, 16
MM, 651, 585, 7
MM, 652, 584, 9
MM, 1, 19, 8
MM, 4, 19, 8
MM, 6, 19, 8
MM, 7, 19, 8
MM, 9, 19, 16
MM, 9, 18, 584
MM, 10, 18, 12
MM, 10, 17, 12
MM, 7, 17, 265
MM, 6, 17, 7
MM, 4, 17, 8
MM, 1, 17, 8
MM, 0, 17, 8
MC, 1, 144
MM, 652, 582, 28
MM, 651, 582, 4
MM, 648, 582, 8
MM, 30, 17, 8
MM, 27, 18, 8
MM, 23, 18, 8
MM, 14, 20, 9
MM, 6, 20, 7
MM, 611, 585, 8
MM, 25, 20, 8
MM, 15, 20, 8
MM, 4, 20, 8
MM, 29, 20, 8
MM, 21, 19, 8
MM, 14, 18, 8
MM, 8, 18, 9
MM, 4, 18, 8
MM, 2, 18, 6
MM, 535, 583, 9
MM, 532, 583, 10
MM, 531, 583, 6
MM, 530, 583, 17
MM, 30, 18, 15
MM, 29, 18, 24
MM, 28, 18, 8
MM, 27, 16, 17
MM, 26, 16, 119
MC, 1, 224
MM, 26, 17, 48
MM, 26, 20, 8
MM, 26, 25, 8
MM, 26, 29, 8
MM, 525, 598, 8
MM, 21, 4, 8
MM, 19, 15, 8
MM, 15, 27, 8
MM, 517, 638, 8
MM, 24, 7, 8
MM, 21, 11, 8
MM, 21, 17, 8
MM, 20, 20, 8
MM, 18, 23, 8
MM, 18, 25, 8
MM, 18, 27, 72
MM, 18, 29, 8
MM, 17, 30, 9
MM, 510, 672, 7
MM, 510, 673, 8
MM, 510, 675, 8
MM, 105, 2, 8
MM, 105, 4, 8
MM, 105, 5, 8
MM, 105, 6, 8
MM, 105, 8, 8
MM, 105, 9, 8
MM, 105, 10, 9
MM, 105, 11, 15
MM, 104, 11, 16
MM, 104, 12, 8
MM, 104, 13, 15
MM, 104, 14, 25
MM, 103, 14, 7
MM, 102, 14, 24
MM, 102, 16, 9
MM, 102, 17, 16
MM, 102, 18, 89
MM, 101, 19, 7
MM, 100, 20, 8
MM, 100, 21, 8
MM, 98, 22, 9
MM, 97, 24, 7
MM, 97, 25, 8
MM, 97, 26, 8
MM, 96, 26, 8
MM, 95, 26, 8
MM, 95, 27, 8
MM, 94, 27, 8
MM, 93, 27, 31
MC, 1, 170
MM, 92, 27, 23
MM, 90, 27, 8
MM, 89, 26, 8
MM, 89, 25, 9
MM, 87, 22, 7
MM, 87, 21, 8
MM, 82, 15, 8
MM, 81, 12, 8
MM, 78, 10, 8
MM, 77, 7, 7
MM, 74, 5, 8
MM, 71, 3, 9
MM, 70, 1, 9
MM, 69, 0, 6
MM, 473, 675, 9
MM, 472, 675, 7
MM, 472, 674, 9
MM, 471, 673, 7
MM, 469, 673, 16
MM, 469, 672, 17
MM, 468, 672, 8
MM, 467, 671, 8
MM, 12, 30, 25
MM, 11, 29, 3
MM, 11, 28, 4
MM, 10, 28, 8
MM, 10, 27, 8
MM, 9, 27, 8
MM, 9, 26, 16
MM, 7, 25, 8
MM, 6, 25, 8
MM, 6, 24, 9
MM, 4, 22, 7
MM, 3, 22, 8
MM, 2, 21, 16
MM, 0, 21, 8
MM, 453, 660, 16
MM, 452, 660, 16
MM, 451, 660, 24
MM, 450, 660, 16
MM, 449, 660, 16
MM, 448, 660, 16
MM, 32, 21, 16
MM, 31, 21, 16
MM, 29, 20, 8
MM, 28, 20, 8
MM, 25, 20, 8
MM, 23, 20, 8
MM, 20, 20, 8
MM, 18, 20, 8
MM, 16, 20, 8
MM, 14, 20, 8
MM, 13, 20, 8
MM, 12, 20, 8
MM, 11, 20, 16
MC, 1, 232
MM, 12, 20, 15
MM, 12, 19, 9
MM, 15, 18, 8
MM, 15, 15, 8
MM, 16, 12, 8
MM, 16, 8, 8
MM, 19, 5, 8
MM, 19, 1, 8
MM, 434, 636, 8
MM, 10, 29, 8
MM, 11, 26, 8
MM, 11, 22, 8
MM, 13, 18, 8
MM, 13, 15, 7
MM, 14, 12, 10
MM, 15, 11, 6
MM, 18, 9, 9
MM, 19, 8, 7
MM, 20, 6, 9
MM, 20, 5, 7
MM, 21, 4, 8
MM, 22, 4, 8
MM, 22, 3, 9
MM, 23, 3, 8
MM, 24, 2, 8
MM, 27, 1, 16
MM, 27, 0, 8
MM, 454, 600, 8
MM, 455, 600, 8
MM, 456, 599, 8
MM, 457, 598, 8
MM, 459, 598, 7
MM, 459, 597, 9
MM, 461, 597, 8
MM, 461, 596, 8
MM, 1, 30, 8
MM, 1, 29, 8
MM, 2, 29, 8
MM, 3, 27, 8
MM, 5, 26, 8
MM, 5, 25, 8
MM, 5, 24, 160
MM, 6, 24, 16
MM, 7, 24, 72
MC, 1, 120
MM, 11, 24, 24
MM, 13, 24, 8
MM, 18, 26, 8
MM, 22, 26, 8
MM, 26, 26, 8
MM, 31, 26, 8
MM, 497, 591, 8
MM, 1, 25, 8
MM, 7, 25, 8
MM, 11, 25, 8
MM, 16, 25, 8
MM, 20, 24, 8
MM, 24, 24, 8
MM, 27, 24, 8
MM, 28, 23, 10
MM, 29, 23, 6
MM, 30, 23, 17
MM, 531, 588, 15
MM, 533, 588, 16
MM, 0, 21, 8
MM, 1, 21, 8
MM, 3, 21, 8
MM, 6, 21, 9
MM, 7, 20, 7
MM, 8, 20, 7
MM, 9, 20, 10
MM, 10, 20, 7
MM, 11, 20, 16
MM, 11, 19, 47
MM, 13, 19, 17
MM, 13, 18, 8
MM, 14, 18, 8
MM, 15, 18, 39
MC, 1, 153
MM, 15, 19, 24
MM, 13, 24, 8
MM, 12, 28, 8
MM, 545, 598, 8
MM, 542, 602, 8
MM, 540, 610, 8
MM, 32, 20, 8
MM, 533, 634, 8
MM, 529, 645, 8
MM, 529, 651, 8
MM, 32, 18, 8
MM, 32, 24, 8
MM, 31, 29, 10
MM, 523, 671, 6
MM, 523, 673, 8
MM, 523, 674, 8
MM, 523, 675, 8
MM, 118, 0, 24
MM, 118, 2, 32
MM, 118, 3, 24
MM, 118, 4, 16
MM, 117, 4, 8
MM, 115, 5, 8
MM, 115, 6, 8
MM, 114, 9, 8
MM, 113, 10, 9
MM, 112, 11, 7
MM, 111, 12, 8
MM, 111, 13, 8
MM, 110, 13, 8
MM, 110, 14, 8
MM, 110, 16, 7
MM, 108, 16, 24
MC, 1, 193
MM, 108, 15, 16
MM, 108, 14, 9
MM, 108, 12, 7
MM, 108, 11, 8
MM, 107, 7, 8
MM, 107, 4, 8
MM, 107, 0, 8
MM, 512, 673, 8
MM, 512, 671, 8
MM, 512, 670, 8
MM, 19, 28, 8
MM, 19, 27, 8
MM, 19, 25, 8
MM, 19, 24, 16
MM, 18, 22, 8
MM, 18, 21, 8
MM, 18, 20, 16
MM, 18, 19, 25
MM, 18, 18, 39
MM, 18, 17, 16
MM, 18, 16, 8
MC, 1, 152
MM, 17, 16, 15
MM, 16, 16, 9
MM, 15, 14, 8
MM, 12, 14, 8
MM, 9, 13, 8
MM, 5, 12, 8
MM, 1, 9, 9
MM, 487, 644, 7
MM, 27, 2, 8
MM, 474, 638, 8
MM, 465, 632, 8
MM, 30, 27, 8
MM, 18, 21, 8
MM, 12, 19, 8
MM, 2, 14, 8
MM, 425, 613, 8
MM, 423, 611, 8
MM, 421, 609, 8
MM, 420, 608, 8
MM, 34, 6, 8
MM, 33, 4, 8
MM, 33, 3, 8
MM, 33, 2, 8
MM, 32, 2, 8
MM, 32, 1, 113
MM, 32, 0, 15
MM, 419, 601, 8
MM, 419, 599, 8
MM, 421, 597, 8
MM, 422, 596, 8
MM, 424, 596, 8
MM, 5, 30, 8
MM, 5, 27, 8
MM, 6, 27, 8
MM, 8, 25, 8
MM, 9, 24, 8
MM, 10, 24, 7
MM, 10, 22, 9
MM, 11, 22, 8
MM, 11, 21, 8
MM, 11, 25, 287
MM, 11, 30, 9
MM, 431, 599, 8
MM, 5, 1, 8
MM, 5, 7, 8
MM, 5, 13, 8
MM, 5, 21, 9
MM, 5, 29, 8
MM, 431, 637, 6
MM, 17, 3, 8
MM, 17, 9, 9
MM, 17, 13, 8
MM, 17, 15, 7
MM, 17, 18, 9
MM, 17, 20, 8
MM, 18, 22, 8
MM, 18, 23, 8
MM, 19, 23, 88
MC, 1, 209
MM, 18, 23, 7
MM, 16, 22, 8
MM, 15, 22, 8
MM, 12, 21, 8
MM, 9, 18, 7
MM, 6, 16, 8
MM, 3, 13, 9
MM, 413, 647, 8
MM, 410, 644, 8
MM, 32, 2, 8
MM, 29, 1, 9
MM, 401, 636, 7
MM, 399, 634, 8
MM, 398, 633, 8
MM, 13, 29, 8
MM, 11, 28, 8
MM, 10, 26, 8
MM, 10, 25, 32
MM, 9, 25, 17
MM, 8, 25, 47
MM, 7, 25, 96
MM, 6, 25, 8
MM, 5, 25, 16
MM, 3, 25, 16
MM, 2, 25, 8
MM, 1, 24, 16
MM, 0, 24, 8
MM, 383, 625, 9
MM, 381, 624, 8
MM, 380, 623, 7
MM, 34, 18, 8
MM, 31, 17, 8
MM, 28, 15, 8
MM, 24, 15, 9
MM, 24, 14, 6
MM, 22, 14, 8
MM, 20, 13, 8
MM, 19, 12, 10
MM, 19, 11, 15
MM, 18, 10, 8
MM, 17, 8, 8
MM, 16, 8, 8
MM, 15, 7, 15
MM, 14, 7, 9
MM, 12, 7, 15
MC, 1, 282
MM, 13, 7, 31
MM, 17, 8, 8
MM, 23, 9, 8
MM, 31, 11, 9
MM, 4, 11, 7
MM, 15, 11, 7
MM, 25, 11, 9
MM, 421, 613, 8
MM, 6, 11, 8
MM, 17, 11, 8
MM, 28, 11, 8
MM, 465, 613, 9
MM, 11, 10, 7
MM, 23, 8, 8
MM, 503, 610, 8
MM, 10, 6, 8
MM, 22, 4, 8
MM, 32, 4, 8
MM, 541, 605, 8
MM, 544, 603, 9
MM, 1, 1, 7
MM, 2, 0, 8
MM, 548, 601, 7
MM, 550, 601, 25
MM, 550, 600, 48
MM, 550, 599, 17
MM, 550, 598, 32
MM, 551, 597, 7
MM, 551, 596, 8
MM, 552, 596, 8
MM, 17, 29, 16
MM, 18, 28, 8
MM, 19, 28, 8
MM, 20, 27, 15
MM, 20, 26, 8
MM, 23, 26, 8
MM, 24, 25, 10
MM, 25, 24, 7
MM, 26, 23, 7
MM, 30, 23, 20
MM, 31, 21, 2
MM, 570, 586, 3
MM, 572, 586, 8
MM, 573, 586, 8
MM, 574, 585, 8
MM, 1, 20, 8
MM, 2, 20, 8
MM, 3, 19, 8
MM, 4, 19, 9
MM, 4, 18, 7
MM, 5, 18, 8
MM, 30, 24, 288
MM, 18, 30, 9
MM, 540, 599, 6
MM, 524, 601, 8
MM, 5, 5, 9
MM, 24, 7, 7
MM, 9, 11, 8
MM, 462, 617, 8
MM, 17, 19, 8
MM, 4, 21, 9
MM, 33, 23, 7
MM, 22, 23, 8
MM, 16, 23, 8
MM, 12, 23, 9
MM, 11, 23, 8
MM, 10, 23, 8
MC, 1, 400
MM, 10, 22, 24
MM, 11, 21, 8
MM, 13, 18, 8
MM, 15, 15, 8
MM, 17, 13, 8
MM, 18, 10, 8
MM, 21, 5, 8
MM, 23, 1, 8
MM, 409, 600, 8
MM, 410, 597, 8
MM, 35, 30, 8
MM, 36, 27, 8
MM, 414, 591, 7
MM, 414, 590, 9
MM, 415, 587, 8
MM, 417, 585, 16
MM, 417, 583, 8
MM, 417, 581, 8
MM, 418, 580, 16
MM, 418, 577, 8
MM, 419, 577, 8
MM, 419, 576, 24
MM, 0, 10, 16
MM, 0, 9, 8
MM, 1, 9, 8
MM, 3, 9, 16
MM, 3, 8, 8
MM, 4, 7, 8
MM, 5, 7, 32
MC, 1, 208
MM, 6, 9, 47
MM, 6, 12, 9
MM, 6, 14, 8
MM, 6, 17, 26
MM, 8, 26, 1
MM, 11, 30, 4
MM, 8, 2, 9
MM, 11, 8, 8
MM, 13, 13, 8
MM, 16, 19, 8
MM, 19, 26, 8
MM, 448, 634, 8
MM, 451, 639, 8
MM, 453, 643, 8
MM, 0, 8, 8
MM, 4, 15, 8
MM, 5, 18, 8
MM, 6, 22, 8
MM, 8, 25, 8
MM, 9, 29, 8
MM, 466, 671, 8
MM, 467, 674, 8
MM, 62, 0, 8
MM, 64, 1, 9
MM, 64, 3, 7
MM, 64, 4, 8
MM, 64, 5, 8
MM, 65, 6, 8
MM, 65, 7, 8
MM, 66, 10, 17
MM, 67, 11, 7
MM, 68, 12, 16
MM, 68, 13, 16
MM, 68, 14, 97
MC, 1, 271
MM, 68, 13, 16
MM, 68, 10, 9
MM, 68, 8, 7
MM, 68, 4, 8
MM, 475, 675, 8
MM, 478, 671, 8
MM, 25, 27, 8
MM, 28, 21, 8
MM, 32, 14, 8
MM, 489, 647, 8
MM, 1, 1, 8
MM, 497, 633, 8
MM, 502, 630, 8
MM, 503, 626, 8
MM, 2, 21, 7
MM, 5, 18, 8
MM, 6, 15, 8
MM, 8, 13, 8
MM, 9, 8, 9
MM, 10, 7, 7
MM, 12, 5, 8
MM, 13, 3, 8
MM, 13, 1, 9
MM, 518, 600, 8
MM, 518, 599, 8
MM, 518, 597, 8
MM, 519, 596, 8
MM, 20, 30, 8
MM, 20, 28, 8
MM, 20, 27, 17
MM, 20, 26, 6
MM, 20, 25, 129
MM, 20, 24, 8
MM, 20, 23, 15
MM, 25, 28, 217
MM, 29, 30, 8
MM, 531, 598, 8
MM, 535, 601, 8
MM, 540, 604, 8
MM, 543, 607, 8
MM, 2, 10, 8
MM, 5, 14, 8
MM, 8, 15, 8
MM, 9, 16, 8
MM, 10, 19, 9
MM, 11, 20, 7
MM, 11, 21, 7
MM, 13, 21, 8
MM, 10, 21, 257
MM, 9, 21, 8
MM, 7, 21, 8
MM, 4, 21, 8
MM, 2, 21, 8
MM, 544, 623, 20
MM, 33, 21, 4
MM, 29, 19, 8
MM, 24, 18, 8
MM, 20, 16, 8
MM, 15, 15, 8
MM, 11, 13, 8
MM, 7, 12, 8
MM, 2, 11, 8
MM, 0, 11, 8
MM, 503, 613, 8
MM, 499, 610, 8
MM, 27, 5, 8
MM, 24, 4, 8
MM, 20, 4, 8
MM, 17, 2, 8
MM, 478, 601, 8
MM, 475, 600, 7
MM, 473, 598, 9
MM, 471, 596, 8
MM, 9, 29, 8
MM, 7, 28, 8
MM, 5, 27, 9
MM, 4, 27, 7
MM, 3, 26, 8
MM, 2, 25, 7
MM, 1, 25, 9
MM, 0, 24, 16
MM, 460, 589, 7
MM, 458, 589, 41
MM, 457, 589, 16
MM, 456, 589, 8
MM, 455, 587, 8
MM, 34, 21, 8
MM, 33, 20, 8
MM, 32, 19, 8
MM, 30, 18, 8
MM, 29, 18, 8
MM, 29, 17, 8
MM, 28, 17, 16
MM, 27, 16, 64
MC, 1, 216
MM, 28, 16, 16
MM, 31, 16, 8
MM, 455, 581, 8
MM, 460, 581, 8
MM, 3, 16, 8
MM, 5, 16, 9
MM, 8, 16, 7
MM, 9, 16, 8
MM, 10, 16, 8
MM, 10, 15, 8
MM, 11, 15, 8
MM, 13, 15, 8
MM, 14, 13, 16
MM, 15, 13, 24
MC, 1, 248
MM, 14, 13, 23
MM, 12, 13, 9
MM, 11, 13, 8
MM, 10, 13, 8
MM, 9, 13, 8
MM, 7, 13, 8
MM, 5, 13, 16
MM, 4, 13, 8
MM, 3, 13, 7
MM, 2, 13, 9
MM, 1, 13, 8
MM, 0, 13, 8
MM, 460, 578, 8
MM, 458, 578, 16
MM, 457, 578, 8
MM, 456, 577, 24
MM, 455, 577, 16
MM, 33, 11, 8
MM, 31, 11, 8
MM, 30, 10, 8
MM, 28, 10, 9
MM, 27, 9, 7
MM, 26, 9, 8
MM, 24, 9, 8
MM, 24, 8, 7
MM, 23, 8, 17
MM, 22, 8, 32
MM, 21, 8, 16
MM, 20, 8, 32
MC, 1, 128
MM, 20, 9, 72
MM, 21, 12, 8
MM, 21, 16, 8
MM, 23, 20, 8
MM, 23, 25, 8
MM, 444, 596, 8
MM, 444, 600, 9
MM, 20, 4, 7
MM, 22, 10, 8
MM, 23, 15, 8
MM, 23, 17, 8
MM, 24, 22, 8
MM, 24, 26, 9
MM, 26, 29, 7
MM, 452, 635, 8
MM, 453, 636, 8
MM, 453, 639, 8
MM, 0, 2, 8
MM, 0, 3, 8
MM, 0, 5, 8
MM, 0, 6, 9
MM, 1, 6, 7
MM, 1, 7, 8
MM, 1, 8, 24
MM, 3, 8, 8
MM, 3, 9, 8
MM, 3, 10, 8
MM, 3, 11, 9
MM, 3, 14, 7
MM, 3, 16, 8
MM, 3, 18, 9
MM, 3, 20, 7
MM, 3, 23, 8
MM, 3, 25, 8
MM, 3, 26, 8
MM, 3, 29, 8
MM, 3, 30, 8
MM, 457, 670, 8
MM, 457, 671, 9
MM, 457, 672, 7
MM, 457, 673, 8
MM, 457, 674, 152
MM, 52, 0, 8
MM, 52, 1, 8
MM, 52, 2, 8
MM, 52, 3, 8
MM, 52, 5, 8
MM, 52, 10, 8
MM, 52, 14, 8
MM, 52, 20, 8
MM, 52, 28, 8
MM, 457, 708, 8
MM, 456, 714, 9
MM, 456, 717, 7
MM, 456, 718, 8
MM, 456, 719, 17
MM, 456, 717, 30
MM, 456, 714, 8
MM, 456, 712, 9
MM, 456, 709, 8
MM, 51, 30, 7
MM, 51, 28, 8
MM, 51, 27, 9
MM, 51, 26, 8
MM, 51, 24, 8
MM, 51, 23, 8
MM, 51, 22, 8
MM, 51, 21, 8
MM, 51, 20, 25
MM, 51, 19, 6
MC, 1, 257
MM, 52, 16, 16
MM, 56, 14, 8
MM, 59, 11, 8
MM, 66, 6, 8
MM, 70, 3, 8
MM, 77, 0, 8
MM, 496, 672, 8
MM, 12, 29, 8
MM, 19, 24, 8
MM, 28, 18, 8
MM, 528, 654, 7
MM, 3, 7, 8
MM, 10, 4, 8
MM, 16, 3, 8
MM, 19, 0, 9
MM, 556, 637, 18
MM, 557, 635, 2
MM, 558, 634, 4
MM, 13, 30, 8
MM, 14, 29, 7
MM, 15, 28, 9
MM, 18, 27, 7
MM, 19, 26, 9
MM, 20, 25, 7
MM, 20, 22, 9
MM, 23, 21, 8
MM, 24, 20, 8
MM, 25, 20, 7
MM, 28, 18, 9
MM, 28, 17, 8
MM, 29, 16, 8
MM, 30, 16, 8
MM, 31, 15, 8
MM, 32, 14, 8
MM, 580, 615, 8
MM, 580, 613, 8
MM, 581, 612, 9
MM, 582, 612, 7
MM, 582, 610, 8
MM, 583, 609, 8
MM, 584, 606, 8
MM, 585, 605, 8
MM, 1, 2, 8
MM, 2, 1, 8
MM, 3, 0, 8
MM, 589, 601, 15
MM, 590, 601, 9
MM, 590, 599, 8
MM, 592, 599, 8
MM, 594, 599, 8
MM, 597, 598, 7
MM, 24, 30, 8
MM, 27, 29, 8
MM, 28, 26, 8
MM, 31, 23, 9
MM, 32, 22, 8
MM, 32, 21, 8
MM, 32, 20, 16
MM, 33, 20, 8
MM, 33, 19, 8
MM, 34, 18, 8
MM, 610, 582, 16
MM, 611, 582, 64
MM, 613, 582, 152
MM, 614, 582, 16
MM, 614, 580, 7
MM, 615, 580, 8
MM, 0, 15, 40
MM, 1, 15, 9
MM, 2, 15, 16
MM, 2, 14, 16
MM, 3, 14, 8
MC, 1, 200
MM, 2, 14, 31
MM, 1, 14, 9
MM, 614, 579, 8
MM, 612, 580, 8
MM, 34, 15, 8
MM, 31, 18, 8
MM, 25, 19, 8
MM, 19, 21, 8
MM, 10, 22, 8
MM, 3, 28, 8
MM, 569, 596, 8
MM, 562, 601, 8
MM, 556, 601, 8
MM, 5, 1, 8
MM, 544, 606, 8
MM, 34, 4, 9
MM, 28, 4, 7
MM, 22, 4, 8
MM, 17, 4, 9
MM, 12, 4, 7
MM, 7, 4, 8
MM, 3, 4, 8
MM, 503, 608, 7
MM, 498, 608, 9
MM, 27, 6, 7
MM, 21, 6, 8
MM, 17, 6, 8
MM, 11, 7, 8
MM, 2, 9, 9
MM, 461, 611, 8
MM, 29, 9, 8
MM, 23, 11, 8
MM, 18, 11, 8
MM, 15, 13, 8
MM, 10, 13, 7
MM, 7, 13, 9
MM, 4, 13, 8
MM, 2, 13, 9
MM, 425, 615, 7
MM, 424, 616, 8
MM, 422, 616, 8
MM, 421, 616, 24
MM, 34, 14, 32
MM, 33, 14, 8
MM, 32, 14, 8
MM, 31, 14, 8
MM, 29, 14, 8
MM, 27, 14, 9
MM, 25, 14, 7
MM, 22, 14, 8
MM, 20, 14, 8
MM, 19, 16, 8
MM, 16, 16, 24
MM, 14, 16, 1
MM, 13, 16, 7
MC, 1, 272
MM, 13, 17, 24
MM, 13, 18, 8
MM, 14, 22, 8
MM, 16, 26, 8
MM, 404, 635, 8
MM, 32, 0, 8
MM, 410, 644, 8
MM, 0, 9, 8
MM, 3, 14, 8
MM, 8, 18, 8
MM, 13, 23, 8
MM, 17, 27, 8
MM, 436, 671, 8
MM, 35, 0, 8
MM, 37, 0, 8
MM, 38, 1, 8
MM, 38, 2, 17
MC, 1, 247
MM, 39, 2, 40
MM, 40, 1, 15
MM, 448, 674, 8
MM, 450, 674, 9
MM, 453, 671, 8
MM, 456, 670, 8
MM, 5, 28, 8
MM, 9, 27, 8
MM, 13, 25, 8
MM, 20, 22, 8
MM, 26, 20, 8
MM, 32, 19, 8
MM, 491, 655, 8
MM, 2, 16, 8
MM, 8, 16, 8
MM, 14, 16, 9
MM, 20, 14, 8
MM, 26, 14, 7
MM, 32, 14, 8
MM, 529, 653, 8
MM, 1, 14, 8
MM, 5, 14, 8
MM, 8, 14, 8
MM, 12, 14, 7
MM, 15, 14, 9
MM, 17, 14, 9
MM, 17, 13, 7
MM, 19, 13, 8
MM, 20, 13, 8
MM, 21, 13, 8
MM, 22, 13, 7
MM, 23, 12, 8
MC, 1, 377
MM, 30, 8, 16
MM, 573, 644, 8
MM, 582, 638, 25
MM, 17, 24, 3
MM, 29, 21, 4
MM, 6, 14, 8
MM, 18, 9, 8
MM, 32, 2, 8
MM, 667, 599, 8
MM, 21, 26, 8
MM, 28, 23, 7
MM, 34, 20, 9
MM, 690, 582, 8
MM, 0, 14, 8
MM, 2, 13, 8
MM, 3, 12, 8
MM, 4, 12, 8
MM, 4, 10, 8
MM, 4, 9, 24
MM, 4, 8, 17
MM, 5, 8, 9
MM, 5, 7, 14
MM, 5, 6, 8
MM, 5, 5, 16
MM, 5, 4, 8
MM, 6, 4, 8
MM, 7, 4, 8
MM, 7, 2, 8
MM, 6, 2, 104
MM, 6, 3, 8
MM, 4, 4, 9
MM, 2, 5, 7
MM, 1, 6, 8
MM, 0, 7, 8
MM, 693, 572, 8
MM, 692, 573, 8
MM, 691, 575, 8
MM, 690, 576, 8
MM, 688, 576, 8
MM, 34, 11, 16
MM, 34, 12, 9
MM, 34, 13, 39
MM, 33, 13, 8
MM, 32, 13, 16
MM, 29, 14, 24
MM, 28, 14, 16
MM, 27, 14, 47
MM, 26, 14, 25
MM, 26, 15, 7
MM, 25, 15, 9
MM, 25, 16, 16
MM, 24, 16, 8
MC, 1, 152
MM, 23, 18, 40
MM, 21, 20, 8
MM, 20, 21, 8
MM, 18, 24, 8
MM, 13, 25, 9
MM, 7, 28, 7
MM, 653, 601, 8
MM, 16, 3, 8
MM, 4, 7, 8
MM, 618, 614, 8
MM, 18, 16, 8
MM, 6, 22, 8
MM, 580, 628, 8
MM, 571, 634, 8
MM, 25, 0, 8
MM, 21, 3, 8
MM, 16, 6, 8
MM, 10, 10, 8
MM, 7, 14, 8
MM, 4, 17, 8
MM, 3, 20, 8
MM, 1, 22, 8
MM, 533, 664, 8
MM, 531, 665, 8
MM, 531, 667, 9
MM, 531, 668, 7
MM, 530, 669, 15
MM, 530, 670, 9
MM, 530, 671, 24
MM, 530, 672, 16
MM, 530, 673, 8
MM, 530, 674, 16
MM, 125, 0, 8
MM, 125, 1, 8
MM, 125, 2, 16
MM, 124, 2, 8
MM, 124, 3, 8
MM, 124, 4, 8
MM, 124, 5, 16
MM, 123, 5, 9
MM, 123, 6, 7
MM, 122, 8, 8
MM, 122, 9, 16
MM, 121, 9, 8
MM, 120, 9, 80
MC, 1, 208
MM, 118, 9, 31
MM, 116, 7, 17
MM, 115, 7, 9
MM, 114, 6, 7
MM, 111, 4, 8
MM, 110, 3, 8
MM, 512, 675, 8
MM, 508, 670, 8
MM, 12, 26, 8
MM, 7, 22, 8
MM, 2, 17, 8
MM, 491, 652, 8
MM, 488, 649, 8
MM, 31, 7, 8
MM, 30, 4, 8
MM, 29, 3, 8
MM, 27, 1, 8
MM, 480, 638, 8
MM, 480, 637, 8
MM, 478, 637, 8
MM, 478, 636, 8
MM, 477, 635, 8
MM, 476, 634, 8
MM, 474, 633, 8
MM, 7, 30, 16
MM, 8, 30, 16
MM, 9, 30, 8
MM, 9, 28, 8
MM, 10, 27, 16
MM, 10, 26, 8
MM, 10, 25, 9
MM, 10, 24, 7
MM, 11, 23, 9
MM, 13, 21, 7
MM, 15, 19, 8
MM, 16, 18, 8
MM, 18, 16, 9
MM, 20, 15, 7
MM, 22, 15, 8
MM, 22, 14, 8
MM, 23, 14, 9
MM, 23, 13, 15
MM, 24, 13, 24
MM, 25, 13, 8
MM, 27, 13, 8
MM, 29, 13, 8
MM, 30, 13, 16
MM, 498, 615, 8
MM, 499, 615, 24
MM, 501, 615, 8
MM, 501, 616, 16
MM, 502, 616, 15
MM, 502, 617, 9
MM, 503, 617, 16
MM, 0, 15, 8
MM, 1, 15, 16
MM, 1, 17, 16
MM, 2, 17, 24
MM, 3, 17, 16
MM, 5, 17, 24
MM, 6, 17, 8
MM, 7, 17, 8
MM, 8, 16, 8
MM, 9, 16, 8
MM, 10, 16, 8
MM, 10, 15, 8
MM, 11, 15, 8
MM, 11, 14, 16
MC, 1, 208
MM, 10, 13, 56
MM, 9, 13, 16
MM, 9, 11, 8
MM, 8, 11, 8
MM, 5, 9, 8
MM, 4, 7, 8
MM, 3, 5, 8
MM, 0, 4, 9
MM, 503, 603, 7
MM, 500, 601, 8
MM, 499, 599, 8
MM, 498, 598, 8
MM, 497, 598, 8
MM, 496, 597, 8
MM, 494, 596, 8
MM, 493, 594, 8
MM, 493, 591, 9
MM, 31, 22, 8
MM, 31, 19, 7
MM, 29, 16, 8
MM, 29, 15, 16
MM, 28, 15, 8
MM, 26, 15, 49
MM, 23, 17, 15
MM, 23, 18, 8
MM, 22, 18, 8
MM, 21, 19, 8
MC, 1, 280
MM, 19, 19, 48
MM, 16, 19, 8
MM, 15, 19, 8
MM, 14, 19, 8
MM, 11, 19, 8
MM, 9, 19, 8
MM, 6, 20, 8
MM, 2, 20, 8
MM, 458, 585, 8
MM, 28, 24, 8
MM, 19, 27, 8
MM, 427, 596, 8
MM, 416, 598, 8
MM, 405, 600, 8
MM, 394, 600, 8
MM, 381, 600, 8
MM, 372, 600, 8
MM, 366, 600, 8
MM, 14, 0, 8
MM, 8, 0, 8
MM, 4, 0, 8
MM, 338, 602, 8
MM, 52, 0, 8
MM, 49, 0, 8
MM, 47, 0, 8
MM, 47, 1, 168
MM, 47, 2, 8
MM, 48, 3, 7
MM, 49, 4, 8
MM, 52, 5, 9
MM, 54, 7, 8
MM, 55, 7, 8
MM, 338, 610, 8
MM, 341, 611, 8
MM, 343, 613, 8
MM, 1, 12, 8
MM, 2, 12, 8
MM, 4, 12, 8
MM, 5, 13, 8
MM, 6, 13, 8
MM, 9, 14, 8
MM, 12, 16, 8
MM, 13, 17, 8
MM, 14, 17, 8
MC, 1, 271
MM, 15, 17, 49
MM, 16, 17, 7
MM, 19, 18, 9
MM, 23, 19, 8
MM, 27, 21, 8
MM, 34, 24, 8
MM, 384, 628, 8
MM, 4, 29, 8
MM, 8, 30, 8
MM, 396, 633, 8
MM, 398, 633, 9
MM, 401, 635, 15
MM, 404, 636, 8
MM, 405, 637, 16
MM, 406, 637, 7
MM, 407, 637, 10
MM, 408, 638, 7
MM, 409, 640, 8
MM, 412, 641, 8
MM, 413, 642, 8
MM, 0, 3, 8
MM, 1, 4, 8
MM, 2, 4, 8
MM, 4, 5, 8
MM, 6, 5, 9
MM, 6, 6, 7
MM, 8, 8, 8
MM, 10, 9, 16
MM, 11, 10, 8
MM, 12, 11, 8
MM, 13, 12, 8
MM, 14, 13, 8
MM, 15, 13, 8
MM, 16, 13, 8
MM, 18, 13, 8
MM, 20, 15, 8
MM, 23, 15, 8
MM, 24, 15, 8
MM, 26, 15, 8
MM, 27, 15, 8
MM, 30, 15, 8
MM, 31, 15, 8
MM, 32, 15, 8
MM, 448, 654, 23
MM, 451, 655, 4
MM, 452, 656, 5
MM, 453, 656, 8
MM, 1, 17, 8
MM, 3, 18, 8
MM, 5, 18, 8
MM, 6, 18, 8
MM, 7, 18, 32
MC, 1, 328
MM, 8, 17, 64
MM, 11, 15, 8
MM, 12, 13, 8
MM, 17, 10, 8
MM, 21, 5, 8
MM, 26, 1, 8
MM, 489, 636, 8
MM, 501, 628, 8
MM, 9, 22, 8
MM, 18, 16, 9
MM, 29, 13, 7
MM, 3, 9, 8
MM, 14, 3, 8
MM, 568, 601, 8
MM, 3, 30, 8
MM, 12, 25, 8
MM, 17, 22, 8
MM, 23, 19, 8
MM, 27, 16, 8
MM, 32, 13, 8
MM, 610, 575, 8
MM, 611, 574, 8
MM, 612, 573, 8
MM, 613, 571, 8
MM, 614, 570, 8
MM, 615, 569, 8
MM, 2, 3, 8
MM, 2, 2, 8
MM, 3, 1, 8
MM, 619, 564, 8
MM, 622, 563, 8
MM, 622, 562, 8
MM, 623, 562, 8
MM, 624, 561, 8
MM, 624, 560, 8
MM, 624, 559, 32
MM, 624, 561, 104
MM, 625, 561, 8
MM, 625, 562, 8
MM, 626, 564, 8
MM, 10, 0, 9
MM, 10, 1, 7
MM, 10, 2, 8
MM, 11, 2, 8
MM, 11, 3, 8
MM, 11, 5, 8
MM, 11, 7, 8
MM, 11, 8, 8
MM, 11, 9, 8
MM, 11, 10, 8
MM, 11, 11, 8
MM, 11, 12, 16
MC, 1, 224
MM, 10, 15, 16
MM, 5, 16, 8
MM, 1, 18, 8
MM, 613, 584, 8
MM, 29, 22, 21
MM, 24, 22, 3
MM, 20, 22, 8
MM, 16, 22, 8
MM, 10, 24, 8
MM, 6, 24, 8
MM, 1, 24, 8
MM, 572, 589, 8
MM, 32, 24, 8
MM, 29, 23, 8
MM, 26, 23, 8
MM, 22, 22, 8
MM, 22, 21, 8
MM, 18, 19, 8
MM, 17, 19, 9
MM, 16, 19, 15
MM, 13, 18, 8
MM, 12, 18, 9
MM, 10, 18, 7
MM, 7, 18, 8
MM, 3, 18, 8
MM, 535, 584, 9
MM, 532, 584, 8
MM, 30, 19, 7
MM, 26, 19, 8
MM, 25, 19, 9
MM, 23, 19, 6
MM, 21, 19, 17
MC, 1, 376
MM, 23, 19, 24
MM, 24, 18, 8
MM, 26, 18, 8
MM, 530, 583, 8
MM, 531, 583, 8
MM, 532, 583, 8
MM, 534, 583, 8
MM, 0, 17, 8
MM, 1, 17, 8
MM, 2, 17, 16
MM, 3, 17, 8
MM, 4, 17, 15
MM, 5, 17, 9
MM, 6, 17, 8
MM, 7, 17, 24
MM, 9, 17, 8
MM, 10, 17, 16
MM, 11, 17, 24
MC, 1, 248
MM, 11, 19, 57
MM, 11, 20, 15
MM, 12, 22, 216
MM, 13, 23, 8
MM, 16, 25, 7
MM, 16, 27, 8
MM, 559, 599, 9
MM, 21, 4, 8
MM, 28, 11, 8
MM, 33, 16, 7
MM, 585, 625, 9
MM, 4, 30, 8
MM, 597, 637, 8
MM, 25, 1, 8
MM, 30, 8, 8
MM, 31, 12, 8
MM, 32, 13, 8
MM, 34, 16, 9
MM, 34, 18, 7
MM, 35, 21, 8
MM, 35, 26, 22
MM, 36, 27, 2
MM, 37, 29, 16
MM, 38, 30, 8
MM, 613, 670, 32
MM, 615, 670, 8
MM, 616, 671, 8
MM, 616, 672, 8
MM, 617, 673, 8
MM, 618, 674, 8
MM, 621, 677, 8
MM, 623, 678, 8
MM, 624, 679, 8
MM, 627, 683, 8
MM, 630, 685, 9
MM, 633, 686, 7
MM, 635, 687, 8
MM, 636, 689, 8
MM, 638, 690, 8
MM, 638, 691, 8
MM, 639, 691, 104
MM, 639, 690, 8
MM, 640, 688, 8
MM, 640, 687, 8
MM, 640, 685, 8
MM, 640, 682, 8
MM, 640, 681, 8
MM, 640, 680, 8
MM, 640, 678, 9
MM, 641, 675, 6
MM, 643, 672, 8
MM, 644, 671, 9
MM, 645, 671, 7
MM, 26, 30, 8
MM, 27, 30, 8
MM, 27, 28, 8
MM, 28, 27, 9
MM, 29, 26, 184
MM, 651, 665, 16
MM, 651, 664, 8
MM, 652, 663, 15
MM, 653, 663, 8
MM, 653, 662, 8
MM, 654, 662, 17
MM, 654, 661, 23
MM, 654, 659, 9
MM, 654, 658, 16
MM, 654, 657, 8
MM, 654, 656, 24
MM, 654, 655, 16
MM, 654, 654, 16
MM, 654, 653, 49
MM, 655, 653, 47
MM, 656, 653, 25
MM, 0, 14, 15
MM, 2, 14, 16
MM, 3, 14, 9
MM, 4, 14, 6
MM, 5, 14, 8
MM, 7, 14, 9
MM, 9, 14, 7
MM, 10, 14, 8
MM, 11, 14, 17
MC, 1, 279
MM, 12, 14, 41
MM, 13, 12, 16
MM, 14, 11, 8
MM, 15, 10, 8
MM, 17, 9, 8
MM, 19, 8, 7
MM, 20, 7, 8
MM, 24, 4, 8
MM, 29, 3, 8
MM, 690, 639, 8
MM, 694, 637, 8
MM, 699, 634, 9
MM, 703, 630, 8
MM, 708, 628, 8
MM, 712, 623, 7
MM, 717, 622, 8
MM, 721, 619, 8
MM, 723, 616, 9
MM, 727, 613, 8
MM, 732, 609, 7
MM, 736, 604, 9
MM, 741, 601, 8
MM, 746, 596, 25
MM, 755, 590, 3
MM, 757, 589, 3
MM, 758, 588, 9
MM, 761, 588, 8
MM, 762, 587, 16
MM, 763, 587, 8
MM, 764, 586, 16
MM, 765, 586, 16
MM, 765, 584, 8
MM, 767, 584, 8
MM, 768, 583, 9
MM, 769, 582, 7
MM, 770, 581, 8
MM, 771, 580, 8
MM, 772, 579, 8
MM, 773, 578, 8
MM, 776, 576, 8
MM, 777, 574, 8
MM, 780, 572, 8
MM, 783, 569, 8
MM, 786, 568, 8
MM, 790, 565, 8
MM, 790, 563, 8
MM, 793, 561, 8
MM, 824, 561, 135
MM, 828, 565, 8
MM, 830, 570, 9
MM, 831, 578, 7
MM, 833, 584, 8
MM, 833, 590, 8
MM, 833, 596, 9
MM, 833, 602, 8
MM, 833, 607, 8
MM, 833, 611, 8
MM, 833, 613, 8
MM, 833, 614, 8
MM, 833, 616, 8
MM, 57, 0, 120
MM, 57, 1, 15
MM, 57, 2, 17
MM, 57, 3, 8
MM, 56, 3, 16
MM, 56, 4, 8
MM, 56, 5, 56
MM, 56, 7, 24
MM, 56, 8, 8
MM, 56, 9, 16
MM, 56, 10, 15
MM, 55, 11, 8
