**********************************
LOGGING TIME: 20201022_174623
CLIENT IP: 192.168.137.1
USERNAME: izazuhur
OS: Windows 10
*********************Neutral database**********************************
MM, 195, 5, 1602022801479
MM, 5, 27, 545
MM, 0, 22, 6
MM, 177, 20, 15
MM, 173, 17, 0
MM, 166, 14, 16
MM, 162, 13, 0
MM, 157, 10, 16
MM, 153, 8, 0
MM, 150, 4, 15
MM, 145, 1, 0
MM, 112, 26, 116
MM, 111, 25, 0
MM, 109, 24, 16
MM, 106, 21, 6
MM, 103, 18, 0
MM, 102, 17, 16
MM, 101, 16, 0
MM, 100, 16, 15
MM, 101, 17, 16486
MM, 104, 20, 0
MM, 109, 23, 22
MM, 111, 26, 0
MM, 147, 0, 78
MM, 149, 1, 23
MM, 152, 3, 0
MM, 155, 4, 15
MM, 156, 5, 0
MM, 159, 6, 16
MM, 161, 8, 15
MM, 164, 9, 0
MM, 167, 10, 16
MM, 171, 12, 16
MM, 174, 15, 0
MM, 178, 16, 15
MC, 1, 5755
MC, 1, 6696
MM, 164, 2, 23428
MM, 161, 3, 7
MM, 159, 6, 9
MM, 158, 7, 8
MM, 157, 8, 8
MM, 156, 10, 7
MM, 155, 11, 9
MM, 154, 11, 8
MM, 154, 12, 8
MM, 153, 12, 8
MM, 151, 12, 8
MM, 150, 13, 8
MM, 149, 13, 8
MM, 149, 14, 16
MC, 1, 160
MM, 148, 17, 144
MM, 147, 19, 8
MM, 147, 24, 8
MM, 147, 28, 8
MM, 145, 32, 8
MM, 144, 38, 8
MM, 140, 45, 8
MM, 140, 49, 8
MM, 140, 54, 8
MM, 140, 56, 8
MM, 140, 57, 8
MM, 140, 58, 7
MM, 140, 60, 8
MM, 140, 61, 8
MM, 140, 62, 9
MM, 142, 63, 16
MM, 42, 14, 224
MM, 40, 14, 7
MM, 35, 14, 8
MM, 34, 14, 8
MM, 32, 14, 9
MM, 31, 14, 8
MM, 29, 14, 8
MM, 28, 14, 8
MM, 27, 14, 16
MM, 26, 14, 8
MM, 25, 14, 8
MM, 22, 14, 8
MM, 21, 14, 8
MM, 20, 14, 8
MM, 19, 14, 8
MM, 18, 14, 16
MM, 18, 15, 32
MM, 17, 15, 32
MC, 1, 144
MM, 17, 16, 16
MM, 18, 18, 8
MM, 23, 23, 8
MM, 26, 26, 8
MM, 29, 30, 8
MM, 16, 0, 64
MM, 28, 6, 9
MM, 35, 11, 7
MM, 1, 22, 16
MM, 8, 25, 9
MM, 12, 27, 7
MM, 16, 30, 8
MM, 31, 0, 31
MM, 33, 3, 9
MM, 36, 6, 9
MM, 37, 7, 7
MM, 39, 7, 8
MM, 42, 7, 7
MM, 2, 8, 25
MM, 6, 8, 8
MM, 9, 8, 8
MM, 11, 8, 8
MM, 13, 8, 8
MM, 15, 8, 8
MM, 16, 8, 8
MM, 17, 8, 16
MM, 18, 8, 8
MM, 19, 8, 32
MM, 21, 8, 8
MM, 22, 8, 8
MM, 24, 8, 8
MM, 28, 8, 8
MM, 33, 8, 8
MM, 37, 8, 7
MM, 41, 8, 8
MM, 2, 8, 17
MM, 6, 9, 7
MM, 9, 9, 8
MM, 15, 9, 8
MM, 21, 11, 10
MM, 25, 12, 7
MM, 28, 12, 7
MM, 34, 12, 10
MM, 36, 12, 8
MM, 40, 12, 7
MM, 43, 12, 8
MM, 2, 12, 39
MM, 3, 12, 17
MM, 4, 12, 7
MM, 6, 12, 8
MM, 7, 12, 9
MM, 9, 12, 8
MM, 10, 13, 8
MM, 12, 13, 8
MM, 13, 14, 8
MM, 14, 14, 16
MM, 14, 15, 8
MM, 16, 15, 16
MM, 17, 16, 8
MM, 18, 16, 8
MM, 19, 18, 8
MM, 20, 19, 8
MM, 21, 20, 8
MM, 22, 21, 8
MM, 24, 22, 16
MM, 22, 23, 248
MM, 19, 25, 8
MM, 18, 26, 8
MM, 14, 28, 8
MM, 10, 31, 8
MM, 217, 26, 80
MM, 211, 26, 8
MM, 208, 26, 8
MM, 207, 26, 8
MM, 206, 26, 16
MM, 205, 26, 16
MM, 205, 27, 8
MM, 204, 27, 7
MM, 201, 27, 9
MM, 200, 28, 8
MM, 199, 28, 9
MM, 197, 28, 7
MM, 195, 28, 8
MM, 194, 28, 7
MM, 192, 28, 8
MM, 191, 28, 8
MM, 188, 28, 10
MM, 187, 28, 7
MM, 185, 28, 8
MM, 182, 28, 8
MM, 181, 28, 8
MM, 179, 28, 8
MM, 176, 28, 8
MM, 173, 28, 8
MM, 171, 28, 8
MM, 168, 28, 8
MM, 167, 28, 8
MM, 166, 28, 8
MM, 165, 28, 8
MM, 164, 28, 8
MM, 163, 28, 8
MM, 161, 28, 8
MM, 166, 24, 167
MM, 169, 21, 8
MM, 173, 16, 8
MM, 185, 10, 8
MM, 192, 3, 9
MM, 23, 31, 16
MM, 35, 29, 8
MM, 38, 24, 8
MM, 42, 21, 7
MM, 43, 17, 129
MM, 42, 17, 88
MM, 41, 17, 49
MM, 40, 17, 15
MM, 39, 17, 9
MM, 38, 17, 7
MM, 37, 17, 7
MM, 36, 17, 8
MM, 34, 17, 17
MC, 1, 192
MM, 33, 16, 81
MM, 32, 14, 6
MM, 31, 13, 9
MM, 28, 10, 8
MM, 25, 7, 8
MM, 22, 1, 8
MM, 15, 26, 16
MM, 12, 22, 8
MM, 6, 13, 8
MM, 0, 30, 32
MM, 42, 17, 32
MM, 41, 16, 8
MM, 41, 15, 8
MM, 40, 13, 9
MM, 40, 12, 7
MM, 40, 11, 8
MM, 40, 12, 81
MM, 40, 14, 31
MC, 1, 192
MM, 40, 15, 16
MM, 40, 19, 8
MM, 39, 23, 8
MM, 39, 27, 8
MM, 24, 8, 16
MM, 22, 20, 8
MM, 18, 31, 8
MM, 16, 2, 8
MM, 10, 14, 7
MM, 4, 26, 9
MM, 137, 5, 16
MM, 132, 10, 8
MM, 131, 14, 8
MM, 128, 21, 8
MM, 128, 25, 8
MM, 126, 28, 8
MM, 125, 30, 8
MM, 123, 33, 8
MM, 122, 36, 8
MM, 119, 36, 8
MM, 119, 37, 8
MM, 118, 38, 8
MM, 118, 40, 8
MP, 1, 336
MR, 1, 112
MC, 1, 0
MM, 105, 41, 162
MM, 105, 38, 6
MM, 105, 37, 8
MM, 105, 35, 8
MM, 105, 32, 8
MM, 105, 30, 8
MM, 105, 29, 8
MM, 105, 27, 8
MM, 105, 26, 8
MM, 105, 25, 16
MM, 105, 23, 8
MM, 105, 22, 8
MM, 105, 20, 16
MC, 1, 240
MM, 104, 19, 120
MM, 103, 18, 8
MM, 102, 17, 8
MM, 101, 16, 9
MM, 100, 15, 7
MM, 98, 12, 8
MM, 96, 11, 7
MM, 93, 6, 10
MM, 88, 2, 7
MM, 38, 29, 23
MM, 36, 24, 8
MM, 33, 22, 9
MM, 32, 20, 7
MM, 31, 19, 9
MM, 30, 17, 7
MM, 29, 16, 9
MM, 27, 13, 7
MM, 27, 12, 8
MM, 26, 11, 8
MM, 25, 10, 9
MM, 25, 9, 7
MM, 25, 7, 9
MM, 24, 6, 8
MM, 24, 5, 8
MM, 24, 4, 8
MM, 24, 2, 8
MM, 24, 0, 8
MM, 24, 30, 49
MM, 24, 29, 7
MM, 24, 28, 8
MM, 24, 27, 7
MM, 23, 26, 8
MM, 22, 25, 8
MM, 20, 24, 9
MM, 20, 22, 7
MM, 20, 21, 9
MM, 20, 20, 9
MM, 19, 19, 7
MM, 18, 18, 7
MM, 18, 17, 8
MM, 18, 16, 9
MM, 18, 14, 7
MM, 17, 13, 9
MM, 17, 12, 8
MM, 16, 12, 8
MM, 16, 11, 24
MM, 13, 13, 248
MM, 9, 16, 8
MM, 2, 18, 8
MM, 27, 21, 25
MM, 16, 21, 7
MM, 5, 21, 8
MM, 33, 21, 16
MM, 23, 21, 8
MM, 9, 21, 8
MM, 1, 21, 8
MM, 40, 21, 8
MM, 34, 21, 8
MM, 28, 21, 8
MM, 24, 21, 8
MM, 21, 21, 8
MM, 19, 21, 9
MM, 16, 21, 7
MM, 13, 21, 7
MM, 11, 21, 8
MM, 8, 21, 8
MM, 6, 21, 8
MM, 5, 21, 8
MM, 3, 21, 8
MM, 2, 21, 8
MM, 1, 21, 8
MM, 0, 21, 24
MC, 1, 257
MM, 1, 21, 73
MM, 2, 21, 7
MM, 6, 21, 7
MM, 9, 21, 8
MM, 10, 21, 9
MM, 11, 21, 8
MM, 14, 21, 7
MM, 16, 21, 8
MM, 17, 21, 9
MM, 21, 22, 8
MM, 26, 24, 7
MM, 32, 25, 8
MM, 40, 25, 9
MM, 1, 27, 8
MM, 13, 31, 8
MM, 24, 31, 8
MM, 32, 31, 8
MM, 33, 1, 256
MM, 35, 1, 8
MM, 40, 2, 7
MM, 3, 6, 25
MM, 6, 8, 8
MM, 10, 9, 8
MM, 13, 11, 8
MM, 15, 13, 8
MM, 17, 13, 16
MM, 16, 13, 64
MM, 15, 13, 16
MC, 1, 375
MM, 18, 13, 33
MM, 22, 13, 8
MM, 30, 13, 8
MM, 39, 13, 8
MM, 1, 10, 15
MM, 9, 8, 8
MM, 20, 8, 10
MM, 29, 7, 7
MM, 40, 5, 8
MM, 1, 3, 9
MM, 10, 1, 7
MM, 20, 28, 56
MM, 31, 24, 8
MM, 40, 23, 8
MM, 7, 19, 16
MM, 12, 16, 8
MM, 17, 12, 8
MM, 19, 10, 8
MM, 22, 7, 8
MM, 25, 6, 8
MM, 26, 3, 8
MM, 29, 1, 8
MM, 3, 30, 48
MM, 3, 29, 8
MM, 3, 28, 16
MM, 3, 27, 16
MM, 3, 26, 24
MM, 5, 26, 24
MM, 5, 25, 8
MM, 6, 25, 8
MM, 7, 24, 7
MM, 8, 22, 8
MM, 10, 22, 8
MM, 12, 21, 8
MM, 13, 20, 8
MM, 14, 19, 8
MM, 16, 16, 8
MM, 18, 16, 8
MM, 20, 15, 8
MM, 21, 15, 8
MM, 21, 14, 9
MM, 14, 17, 352
MM, 9, 20, 8
MM, 3, 20, 8
MM, 32, 23, 24
MM, 28, 24, 8
MM, 23, 24, 8
MM, 19, 26, 8
MM, 13, 26, 25
MM, 6, 26, 2
MM, 5, 26, 4
MM, 4, 26, 8
MM, 3, 26, 41
MM, 2, 26, 7
MM, 0, 25, 9
MM, 43, 24, 48
MM, 42, 24, 7
MM, 41, 24, 33
MM, 40, 23, 8
MM, 39, 23, 8
MM, 38, 23, 8
MM, 35, 23, 8
MM, 34, 22, 8
MM, 32, 22, 8
MM, 31, 21, 8
MM, 29, 21, 8
MM, 28, 21, 8
MM, 27, 20, 8
MM, 26, 18, 8
MM, 24, 18, 8
MM, 23, 18, 8
MM, 21, 18, 8
MM, 20, 18, 8
MM, 19, 18, 15
MC, 1, 210
MM, 18, 18, 7
MM, 18, 19, 8
MM, 15, 20, 8
MM, 14, 21, 9
MM, 12, 22, 7
MM, 9, 24, 9
MM, 5, 24, 7
MM, 38, 25, 16
MM, 29, 27, 8
MM, 19, 27, 8
MM, 10, 27, 8
MC, 1, 624
MM, 11, 3, 120
MM, 14, 7, 9
MM, 16, 12, 6
MM, 17, 18, 8
MM, 21, 25, 8
MM, 22, 29, 9
MM, 30, 1, 31
MM, 33, 4, 8
MM, 34, 5, 8
MM, 35, 6, 9
MM, 37, 7, 8
MM, 38, 8, 7
MM, 39, 9, 8
MM, 40, 10, 16
MM, 41, 12, 8
MM, 41, 13, 9
MM, 42, 14, 8
MM, 43, 15, 8
MM, 0, 19, 56
MM, 1, 19, 8
MM, 3, 19, 16
MM, 4, 19, 8
MM, 5, 21, 8
MM, 6, 21, 8
MM, 6, 22, 8
MM, 7, 22, 16
MM, 8, 23, 8
MM, 9, 24, 8
MM, 10, 25, 8
MM, 12, 26, 8
MM, 13, 27, 8
MM, 14, 29, 8
MM, 16, 31, 8
MM, 114, 2, 47
MM, 117, 5, 9
MM, 119, 6, 7
MM, 121, 7, 8
MM, 124, 10, 8
MM, 127, 13, 8
MM, 128, 14, 8
MM, 131, 17, 8
MM, 134, 19, 8
MM, 137, 21, 8
MM, 139, 24, 8
MM, 141, 25, 9
MM, 143, 27, 7
MM, 146, 30, 9
MM, 147, 31, 9
MM, 150, 33, 7
MM, 150, 34, 8
MM, 152, 34, 8
MM, 152, 35, 8
MM, 153, 35, 8
MM, 154, 35, 15
MM, 154, 36, 9
MM, 155, 36, 8
MM, 157, 36, 48
MM, 158, 36, 191
MM, 159, 33, 8
MM, 162, 32, 10
MM, 165, 27, 6
MM, 169, 23, 8
MM, 174, 18, 23
MM, 179, 14, 1
MM, 183, 9, 2
MM, 190, 2, 7
MM, 8, 23, 15
MM, 9, 16, 9
MM, 13, 10, 8
MM, 17, 5, 7
MM, 20, 1, 9
MM, 23, 31, 16
MM, 26, 29, 8
MM, 27, 27, 8
MM, 28, 26, 8
MM, 28, 24, 8
MM, 28, 23, 8
MM, 29, 23, 7
MM, 29, 22, 8
MM, 29, 20, 8
MM, 29, 19, 9
MM, 29, 18, 7
MM, 29, 17, 17
MM, 29, 16, 8
MM, 29, 15, 8
MM, 29, 14, 8
MM, 30, 12, 7
MM, 30, 11, 17
MM, 30, 10, 7
MM, 32, 10, 8
MM, 32, 9, 8
MM, 32, 8, 17
MM, 32, 7, 8
MM, 32, 6, 16
MM, 33, 6, 8
MM, 33, 3, 8
MM, 34, 2, 8
MM, 35, 2, 9
MM, 36, 2, 7
MM, 36, 1, 8
MM, 37, 1, 8
MM, 37, 0, 9
MM, 38, 0, 15
MM, 2, 29, 64
MM, 4, 28, 8
MM, 5, 27, 8
MM, 6, 26, 8
MM, 6, 25, 9
MM, 7, 24, 7
MM, 8, 23, 8
MM, 9, 21, 8
MM, 10, 20, 9
MM, 12, 19, 7
MM, 12, 18, 16
MM, 13, 17, 8
MM, 13, 16, 16
MC, 1, 216
MM, 11, 17, 24
MM, 10, 17, 8
MM, 9, 18, 8
MM, 7, 19, 8
MM, 4, 19, 8
MM, 2, 19, 8
MM, 43, 21, 16
MM, 37, 21, 8
MM, 34, 21, 8
MM, 30, 21, 8
MM, 24, 21, 8
MM, 20, 21, 8
MM, 14, 21, 8
MM, 6, 21, 8
MM, 0, 21, 8
MM, 38, 21, 16
MM, 34, 21, 8
MM, 31, 21, 8
MM, 30, 21, 8
MM, 29, 21, 8
MM, 26, 21, 96
MM, 25, 21, 8
MM, 24, 21, 8
MC, 1, 440
MC, 1, 752
MM, 12, 0, 656
MM, 12, 2, 8
MM, 13, 3, 9
MM, 13, 7, 7
MM, 15, 7, 8
MM, 15, 10, 8
MM, 16, 11, 8
MM, 16, 12, 8
MM, 17, 12, 8
MM, 11, 13, 231
MM, 6, 13, 10
MM, 4, 13, 7
MM, 1, 13, 8
MM, 41, 12, 17
MM, 37, 12, 8
MM, 32, 11, 7
MM, 30, 11, 7
MM, 27, 11, 9
MM, 23, 11, 8
MM, 18, 11, 8
MM, 13, 11, 7
MM, 8, 11, 9
MM, 2, 11, 8
MM, 41, 11, 23
MM, 39, 11, 8
MM, 37, 11, 9
MM, 35, 11, 8
MM, 32, 11, 8
MM, 31, 11, 8
MM, 30, 11, 9
MM, 28, 12, 7
MM, 27, 12, 16
MM, 25, 12, 16
MM, 24, 12, 17
MM, 23, 12, 7
MM, 30, 12, 216
MM, 36, 12, 9
MM, 0, 10, 7
MM, 11, 8, 8
MM, 25, 6, 8
MM, 38, 6, 8
MM, 0, 4, 8
MM, 16, 4, 8
MM, 34, 4, 8
MM, 3, 2, 8
MM, 19, 2, 8
MM, 33, 2, 8
MM, 5, 0, 17
MM, 1, 20, 303
MM, 6, 19, 8
MM, 10, 19, 8
MM, 14, 19, 8
MM, 15, 19, 8
MM, 18, 18, 8
MM, 20, 18, 8
MM, 21, 16, 7
MM, 23, 15, 8
MM, 23, 14, 8
MM, 23, 13, 8
MM, 24, 13, 8
MM, 24, 12, 32
MC, 1, 234
MM, 24, 13, 7
MM, 24, 14, 9
MM, 24, 15, 7
MM, 24, 17, 8
MM, 24, 18, 8
MM, 24, 19, 8
MM, 24, 20, 8
MM, 24, 21, 8
MM, 24, 24, 8
MM, 24, 25, 16
MM, 24, 26, 8
MM, 24, 27, 8
MM, 22, 27, 16
MM, 22, 28, 8
MM, 21, 29, 17
MM, 20, 30, 7
MM, 1, 1, 32
MM, 46, 21, 32
MM, 45, 27, 8
MM, 42, 0, 16
MM, 42, 4, 8
MM, 40, 8, 8
MM, 40, 13, 8
MM, 40, 17, 8
MM, 40, 21, 8
MM, 40, 25, 8
MM, 40, 30, 8
MM, 129, 0, 24
MM, 129, 3, 8
MM, 129, 5, 8
MM, 129, 6, 8
MM, 129, 8, 8
MM, 129, 9, 8
MM, 129, 10, 8
MM, 129, 11, 8
MM, 129, 12, 8
MM, 129, 13, 8
MM, 129, 14, 16
MM, 129, 16, 8
MM, 129, 17, 7
MM, 129, 18, 8
MM, 129, 20, 8
MM, 129, 21, 8
MM, 127, 23, 8
MM, 127, 24, 8
MM, 127, 25, 9
MM, 127, 26, 8
MM, 127, 27, 8
MM, 127, 29, 8
MM, 127, 31, 24
MM, 127, 32, 8
MM, 128, 32, 889
MM, 129, 30, 16
MM, 131, 30, 7
MM, 133, 28, 8
MM, 134, 27, 9
MM, 135, 25, 7
MM, 136, 24, 8
MM, 137, 23, 8
MM, 138, 22, 8
MM, 139, 21, 8
MM, 140, 21, 8
MM, 142, 20, 8
MM, 142, 19, 8
MM, 142, 18, 8
MM, 143, 18, 8
MM, 144, 16, 8
MM, 144, 15, 9
MM, 144, 14, 7
MM, 145, 13, 25
MM, 145, 14, 430
MM, 145, 15, 8
MM, 145, 17, 8
MM, 144, 18, 8
MM, 144, 19, 10
MM, 143, 20, 7
MM, 143, 21, 8
MM, 141, 22, 8
MM, 141, 23, 7
MM, 141, 22, 225
MM, 141, 21, 16
MM, 141, 20, 8
MM, 141, 19, 8
MM, 141, 18, 7
MM, 141, 16, 10
MM, 141, 15, 7
MM, 141, 14, 17
MM, 141, 12, 7
MM, 141, 11, 8
MM, 141, 9, 8
MM, 140, 8, 9
MM, 139, 6, 7
MM, 138, 3, 16
MM, 136, 0, 16
MM, 40, 28, 48
MM, 40, 25, 9
MM, 38, 21, 7
MM, 37, 16, 7
MM, 36, 14, 8
MM, 34, 9, 8
MM, 33, 6, 9
MM, 33, 4, 7
MM, 31, 1, 8
MM, 26, 31, 32
MM, 26, 30, 8
MM, 25, 28, 9
MM, 24, 27, 8
MM, 24, 26, 8
MM, 24, 24, 16
MM, 24, 23, 7
MM, 24, 22, 8
MM, 24, 21, 17
MM, 24, 20, 7
MM, 23, 20, 16
MM, 24, 21, 114
MM, 24, 22, 7
MM, 24, 23, 8
MM, 25, 25, 8
MM, 26, 26, 17
MM, 27, 27, 7
MM, 27, 28, 16
MM, 28, 29, 8
MM, 28, 30, 8
MM, 28, 31, 8
MM, 33, 0, 40
MM, 34, 2, 9
MM, 35, 3, 7
MM, 37, 5, 8
MM, 37, 8, 8
MM, 38, 11, 9
MM, 38, 12, 7
MM, 39, 16, 8
MM, 40, 17, 8
MM, 42, 18, 8
MM, 43, 20, 8
MM, 43, 21, 8
MM, 139, 0, 128
MM, 139, 1, 8
MM, 140, 2, 25
MM, 140, 3, 2
MM, 140, 5, 13
MM, 141, 6, 16
MM, 141, 7, 15
MM, 141, 8, 25
MM, 141, 9, 32
MM, 141, 10, 16
MM, 141, 11, 17
MM, 141, 13, 15
MM, 141, 14, 16
MM, 141, 15, 16
MM, 141, 16, 33
MM, 141, 17, 23
MM, 141, 18, 32
MM, 141, 19, 24
MM, 140, 19, 24
MM, 140, 21, 7
MM, 139, 21, 8
MM, 137, 21, 8
MM, 136, 20, 16
MM, 134, 19, 9
MM, 133, 18, 8
MM, 129, 15, 9
MM, 124, 11, 7
MM, 119, 6, 8
MM, 20, 27, 17
MM, 15, 17, 7
MM, 7, 5, 8
MM, 34, 5, 24
MM, 17, 30, 48
MM, 13, 27, 9
MM, 12, 26, 7
MM, 10, 22, 8
MM, 9, 21, 8
MM, 9, 20, 9
MM, 8, 19, 7
MM, 8, 16, 8
MM, 7, 15, 8
MM, 7, 14, 9
MM, 7, 13, 7
MM, 7, 12, 8
MM, 7, 11, 8
MM, 6, 8, 8
MM, 4, 6, 7
MM, 4, 3, 8
MM, 3, 0, 9
MM, 98, 63, 68
MM, 98, 61, 4
MM, 98, 58, 8
MM, 98, 56, 8
MM, 98, 51, 8
MM, 98, 49, 9
MM, 98, 46, 8
MM, 98, 42, 7
MM, 98, 39, 8
MM, 99, 35, 8
MM, 99, 32, 9
MM, 101, 30, 7
MM, 103, 27, 7
MM, 106, 24, 8
MM, 110, 21, 10
MM, 113, 20, 8
MM, 119, 18, 7
MM, 125, 18, 8
MM, 135, 18, 8
MM, 146, 18, 8
MM, 162, 18, 8
MM, 178, 18, 8
MM, 199, 18, 8
MM, 218, 18, 9
MM, 244, 18, 7
MM, 266, 18, 8
MM, 290, 19, 8
MM, 314, 21, 8
MM, 335, 24, 8
MM, 349, 24, 8
MM, 365, 26, 8
MM, 379, 28, 7
MM, 396, 34, 8
MM, 402, 35, 8
MM, 408, 39, 9
MM, 411, 40, 7
MM, 412, 41, 8
MM, 412, 42, 8
MM, 412, 44, 24
MM, 412, 45, 24
MM, 412, 46, 49
MM, 413, 47, 41
MM, 413, 49, 7
MM, 415, 52, 18
MM, 416, 57, 1
MM, 419, 61, 4
MM, 47, 0, 1825
MM, 40, 5, 8
MM, 33, 10, 8
MM, 29, 13, 8
MM, 24, 16, 8
MM, 21, 19, 8
MM, 18, 22, 8
MM, 15, 26, 8
MM, 14, 27, 8
MM, 13, 30, 8
MM, 5, 2, 39
MM, 2, 3, 8
MM, 42, 9, 24
MM, 38, 10, 8
MM, 33, 12, 8
MM, 29, 15, 9
MM, 23, 16, 7
MM, 15, 16, 8
MM, 6, 16, 8
MM, 40, 17, 16
MM, 32, 17, 8
MM, 23, 17, 8
MM, 12, 17, 8
MM, 1, 17, 8
MM, 40, 15, 9
MM, 31, 13, 7
MM, 20, 11, 8
MM, 6, 9, 9
MM, 37, 7, 16
MM, 23, 5, 8
MM, 17, 5, 7
MM, 9, 5, 8
MM, 3, 5, 9
MM, 43, 2, 7
MM, 34, 2, 9
MM, 10, 30, 32
MM, 3, 27, 8
MM, 1, 26, 8
MM, 42, 15, 48
MM, 42, 14, 7
MM, 39, 11, 9
MM, 38, 11, 9
MM, 37, 10, 14
MM, 37, 9, 16
MM, 37, 8, 9
MM, 36, 7, 8
MM, 36, 6, 8
MM, 35, 5, 8
MM, 35, 4, 7
MM, 35, 2, 17
MM, 35, 1, 7
MM, 33, 0, 8
MM, 20, 6, 433
MM, 24, 15, 9
MM, 30, 27, 7
MM, 36, 1, 8
MM, 39, 10, 8
MM, 2, 25, 15
MM, 53, 2, 32
MM, 55, 5, 8
MM, 55, 6, 8
MM, 55, 7, 8
MM, 56, 8, 8
MM, 56, 9, 8
MM, 58, 10, 8
MM, 58, 11, 8
MM, 59, 12, 8
MM, 60, 14, 9
MM, 62, 16, 7
MM, 64, 17, 8
MM, 65, 18, 9
MM, 66, 20, 15
MM, 67, 21, 9
MM, 68, 22, 16
MM, 69, 23, 16
MM, 70, 23, 24
MM, 70, 22, 72
MM, 70, 21, 8
MM, 66, 19, 144
MM, 65, 19, 8
MM, 63, 18, 8
MM, 62, 17, 8
MM, 62, 16, 8
MM, 61, 15, 8
MM, 57, 11, 8
MM, 56, 6, 8
MM, 54, 2, 8
MM, 2, 27, 24
MM, 43, 18, 16
MM, 38, 13, 8
MM, 35, 9, 7
MM, 32, 8, 9
MM, 31, 6, 8
MM, 30, 5, 8
MM, 29, 4, 8
MM, 28, 3, 8
MM, 27, 2, 8
MM, 27, 1, 7
MM, 26, 0, 17
MM, 22, 31, 64
MM, 22, 30, 16
MM, 21, 27, 8
MM, 21, 26, 7
MM, 20, 25, 16
MM, 20, 23, 9
MM, 19, 23, 8
MM, 19, 21, 8
MM, 19, 20, 8
MM, 19, 19, 8
MM, 17, 18, 8
MM, 17, 17, 16
MM, 17, 16, 24
MM, 18, 17, 72
MC, 1, 80
MM, 18, 18, 8
MM, 17, 19, 8
MM, 16, 20, 8
MM, 14, 22, 7
MM, 11, 23, 9
MM, 7, 26, 8
MM, 1, 26, 8
MM, 42, 28, 8
MM, 32, 28, 8
MM, 23, 28, 8
MM, 12, 28, 8
MM, 2, 28, 7
MM, 41, 28, 9
MM, 35, 28, 7
MM, 29, 28, 9
MM, 23, 28, 8
MM, 19, 28, 8
MM, 16, 27, 8
MM, 11, 26, 8
MM, 10, 26, 7
MM, 8, 23, 8
MM, 7, 22, 9
MM, 5, 21, 8
MM, 5, 20, 24
MM, 5, 19, 32
MM, 5, 18, 40
MM, 5, 16, 48
MM, 6, 16, 16
MM, 6, 15, 24
MM, 7, 15, 32
MM, 8, 14, 16
MM, 9, 13, 16
MM, 9, 12, 16
MM, 10, 12, 8
MM, 10, 11, 8
MM, 11, 11, 8
MM, 12, 10, 8
MC, 1, 192
MM, 14, 10, 8
MM, 16, 10, 8
MM, 22, 11, 8
MM, 30, 11, 7
MM, 41, 11, 9
MM, 2, 11, 7
MM, 21, 11, 8
MM, 39, 11, 8
MM, 8, 10, 8
MM, 32, 10, 8
MM, 1, 10, 8
MM, 19, 10, 9
MM, 30, 10, 8
MM, 10, 8, 16
MM, 21, 8, 8
MM, 28, 5, 8
MM, 30, 4, 8
MM, 31, 2, 8
MM, 34, 2, 8
MM, 34, 1, 8
MM, 34, 0, 47
MM, 1, 31, 65
MM, 1, 30, 8
MM, 1, 29, 7
MM, 1, 28, 17
MM, 1, 27, 8
MM, 1, 26, 8
MM, 2, 24, 8
MM, 13, 18, 105
MM, 14, 18, 7
MM, 14, 16, 8
MM, 15, 16, 88
MC, 1, 154
MM, 15, 17, 13
MM, 15, 18, 8
MM, 15, 19, 9
MM, 15, 20, 7
MM, 15, 24, 8
MM, 15, 28, 9
MM, 1, 3, 16
MM, 1, 13, 8
MM, 137, 0, 48
MM, 137, 6, 8
MM, 137, 11, 8
MM, 137, 13, 8
MM, 137, 18, 16
MM, 137, 20, 8
MM, 137, 21, 40
MM, 136, 21, 16
MM, 136, 22, 8
MM, 135, 22, 16
MM, 135, 18, 247
MM, 138, 13, 8
MM, 143, 9, 8
MM, 146, 4, 9
MM, 20, 25, 16
MM, 30, 12, 8
MM, 43, 2, 7
MM, 2, 30, 8
MM, 12, 20, 8
MM, 24, 10, 8
MM, 9, 28, 17
MM, 19, 20, 7
MM, 28, 13, 9
MM, 31, 10, 7
MM, 35, 8, 9
MM, 35, 2, 304
MM, 28, 13, 769
MC, 1, -473
MM, 27, 13, 480
MM, 25, 13, 8
MM, 23, 13, 8
MM, 22, 13, 7
MM, 21, 13, 9
MM, 19, 13, 7
MM, 18, 13, 9
MC, 1, 216
MM, 19, 14, 32
MM, 23, 17, 8
MM, 26, 20, 7
MM, 30, 21, 9
MM, 35, 26, 8
MM, 9, 2, 16
MM, 18, 12, 8
MM, 28, 19, 8
MM, 33, 26, 8
MM, 29, 5, 16
MM, 32, 16, 8
MM, 36, 23, 8
MM, 39, 26, 8
MM, 43, 31, 8
MM, 46, 33, 8
MM, 49, 35, 8
MM, 50, 35, 8
MM, 52, 35, 8
MM, 53, 33, 16
MM, 55, 32, 8
MM, 56, 32, 8
MM, 55, 30, 8
MM, 55, 29, 16
MM, 55, 28, 8
MM, 56, 28, 32
MM, 57, 28, 56
MM, 54, 25, 336
MM, 53, 25, 8
MM, 50, 22, 8
MM, 48, 20, 8
MM, 43, 15, 8
MM, 40, 11, 8
MM, 35, 6, 8
MM, 31, 1, 8
MM, 33, 31, 16
MM, 32, 27, 8
MM, 30, 22, 8
MM, 27, 18, 8
MM, 26, 15, 8
MM, 23, 12, 8
MM, 22, 11, 8
MM, 19, 10, 8
MM, 18, 6, 8
MM, 9, 1, 35
MM, 43, 26, 213
MM, 42, 25, 8
MM, 39, 24, 8
MM, 37, 24, 8
MM, 34, 22, 8
MM, 31, 21, 8
MM, 28, 19, 8
MM, 26, 18, 8
MM, 23, 17, 8
MM, 22, 16, 8
MM, 21, 14, 8
MM, 18, 12, 8
MM, 17, 12, 7
MM, 16, 11, 8
MM, 15, 11, 16
MC, 1, 193
MM, 16, 11, 24
MM, 17, 11, 8
MM, 21, 11, 8
MM, 25, 11, 8
MM, 32, 9, 8
MM, 40, 9, 8
MM, 9, 9, 16
MM, 22, 9, 8
MM, 36, 9, 8
MM, 7, 7, 8
MM, 24, 5, 8
MM, 9, 1, 16
MM, 28, 28, 40
MM, 34, 24, 8
MM, 41, 21, 8
MM, 3, 17, 8
MM, 9, 16, 8
MM, 15, 14, 8
MM, 21, 13, 8
MM, 24, 13, 8
MM, 25, 13, 16
MM, 26, 13, 64
MM, 33, 10, 104
MC, 1, 208
MM, 33, 12, 41
MM, 33, 13, 7
MM, 32, 14, 8
MM, 32, 18, 8
MM, 32, 19, 8
MM, 29, 21, 8
MM, 29, 24, 8
MM, 26, 27, 8
MM, 26, 31, 8
MM, 10, 2, 20
MM, 9, 6, 4
MM, 7, 9, 7
MM, 6, 12, 9
MM, 5, 14, 8
MM, 5, 17, 8
MM, 3, 20, 8
MM, 3, 22, 8
MM, 2, 25, 8
MM, 2, 28, 8
MM, 1, 29, 8
MM, 1, 31, 8
MM, 3, 0, 39
MM, 3, 1, 9
MM, 3, 3, 8
MM, 3, 4, 8
MM, 2, 5, 80
MM, 0, 5, 8
MM, 0, 6, 8
MM, 42, 8, 40
MM, 39, 8, 8
MM, 35, 8, 8
MM, 31, 8, 8
MM, 28, 8, 8
MM, 27, 8, 8
MM, 25, 8, 7
MM, 24, 8, 8
MM, 23, 8, 9
MM, 21, 8, 8
MM, 20, 8, 8
MM, 19, 8, 16
MC, 1, 224
MM, 18, 9, 48
MM, 17, 9, 8
MM, 13, 9, 8
MM, 9, 9, 8
MM, 3, 9, 8
MM, 39, 9, 16
MM, 31, 9, 7
MM, 22, 9, 9
MM, 14, 9, 7
MM, 7, 7, 9
MM, 41, 7, 16
MM, 33, 7, 7
MM, 24, 5, 9
MM, 11, 5, 7
MM, 41, 2, 16
MM, 35, 2, 9
MM, 30, 0, 8
MM, 28, 0, 8
MM, 23, 31, 160
MM, 23, 30, 8
MM, 23, 29, 16
MM, 23, 28, 8
MM, 23, 27, 8
MM, 23, 26, 16
MM, 23, 24, 8
MM, 23, 23, 8
MM, 23, 22, 88
MC, 1, 176
MM, 19, 22, 47
MM, 16, 22, 8
MM, 10, 24, 8
MM, 6, 24, 9
MM, 42, 24, 16
MM, 34, 24, 7
MM, 28, 24, 9
MM, 22, 24, 7
MM, 16, 24, 9
MM, 12, 24, 8
MM, 7, 24, 8
MM, 3, 24, 8
MM, 39, 24, 24
MM, 36, 24, 8
MM, 32, 24, 8
MM, 29, 24, 8
MM, 25, 24, 8
MM, 24, 24, 8
MM, 23, 24, 8
MM, 22, 24, 8
MM, 20, 24, 16
MC, 1, 255
MM, 29, 28, 905
MM, 29, 29, 16
MM, 29, 31, 8
MM, 113, 0, 72
MM, 113, 1, 8
MM, 113, 2, 15
MM, 112, 4, 8
MM, 112, 5, 9
MM, 111, 6, 20
MM, 110, 7, 1
MM, 110, 8, 10
MM, 109, 8, 8
MM, 109, 9, 8
MC, 1, 161
MM, 108, 9, 16
MM, 106, 9, 8
MM, 104, 8, 16
MM, 103, 7, 9
MM, 103, 6, 7
MM, 100, 4, 8
MM, 99, 3, 8
MM, 43, 29, 31
MM, 39, 25, 9
MM, 34, 23, 7
MM, 30, 20, 9
MM, 23, 17, 8
MM, 17, 15, 8
MM, 13, 12, 8
MM, 8, 11, 8
MM, 2, 8, 8
MM, 39, 1, 16
MM, 19, 29, 24
MM, 15, 26, 8
MM, 6, 23, 8
MM, 2, 23, 8
MM, 40, 17, 24
MM, 37, 16, 8
MM, 36, 16, 8
MM, 34, 14, 7
MM, 33, 14, 8
MM, 32, 13, 9
MM, 29, 12, 16
MM, 26, 9, 7
MM, 25, 9, 8
MM, 23, 8, 8
MM, 20, 7, 9
MM, 15, 5, 8
MM, 13, 4, 8
MM, 10, 2, 7
MM, 7, 1, 9
MM, 3, 1, 9
MM, 2, 0, 7
MM, 1, 0, 8
MM, 40, 0, 80
MM, 30, 4, 56
MC, 1, 272
MM, 30, 5, 32
MM, 32, 5, 7
MM, 34, 6, 9
MM, 39, 8, 10
MM, 43, 8, 7
MM, 10, 9, 15
MM, 21, 11, 8
MM, 32, 11, 8
MM, 41, 11, 9
MM, 1, 11, 7
MM, 12, 11, 8
MM, 23, 11, 8
MM, 34, 11, 8
MM, 9, 13, 15
MM, 20, 15, 9
MM, 31, 15, 9
MM, 42, 15, 17
MM, 6, 19, 2
MM, 12, 20, 4
MM, 23, 20, 8
MM, 27, 20, 8
MM, 35, 22, 8
MM, 39, 23, 8
MM, 42, 26, 9
MM, 43, 26, 7
MM, 46, 28, 8
MM, 1, 1, 135
MM, 3, 4, 8
MM, 4, 4, 16
MM, 9, 7, 8
MM, 11, 7, 8
MM, 14, 8, 8
MM, 17, 8, 8
MM, 18, 8, 8
MM, 19, 8, 8
MM, 20, 8, 8
MM, 21, 8, 8
MM, 22, 8, 24
MM, 24, 8, 17
MM, 25, 8, 15
MM, 26, 8, 9
MC, 1, 168
MM, 25, 9, 16
MM, 23, 9, 16
MM, 22, 9, 17
MM, 21, 8, 7
MM, 20, 7, 8
MM, 17, 5, 8
MM, 15, 4, 8
MM, 12, 3, 8
MM, 8, 0, 7
MM, 35, 31, 58
MM, 29, 29, 7
MM, 23, 29, 8
MM, 17, 28, 7
MM, 14, 26, 9
MM, 10, 26, 7
MM, 6, 25, 8
MM, 3, 23, 9
MM, 43, 19, 24
MM, 40, 18, 8
MM, 38, 17, 8
MM, 35, 17, 7
MM, 29, 13, 8
MM, 24, 12, 8
MM, 22, 12, 9
MM, 19, 11, 8
MM, 17, 11, 8
MM, 14, 11, 7
MM, 11, 9, 9
MM, 9, 9, 7
MM, 8, 9, 9
MM, 4, 9, 8
MM, 1, 9, 9
MM, 43, 9, 15
MM, 37, 9, 8
MM, 32, 8, 8
MM, 30, 8, 8
MM, 25, 8, 8
MM, 24, 8, 8
MM, 23, 8, 8
MM, 22, 8, 16
MC, 1, 248
MM, 24, 11, 24
MM, 25, 13, 8
MM, 26, 18, 8
MM, 29, 22, 8
MM, 31, 27, 8
MM, 32, 31, 8
MM, 41, 6, 16
MM, 1, 18, 24
MM, 2, 21, 7
MM, 4, 24, 8
MM, 5, 25, 8
MM, 6, 26, 8
MM, 7, 27, 8
MM, 8, 28, 8
MM, 9, 29, 8
MM, 11, 30, 17
MM, 53, 1, 239
MM, 53, 2, 32
MC, 1, 185
MM, 54, 0, 40
MM, 24, 30, 48
MM, 26, 28, 7
MM, 32, 27, 8
MM, 42, 23, 9
MM, 8, 12, 15
MM, 19, 10, 8
MM, 25, 9, 8
MM, 37, 5, 8
MM, 22, 28, 32
MM, 34, 25, 8
MM, 7, 17, 16
MM, 16, 15, 9
MM, 20, 12, 7
MM, 23, 9, 8
MM, 26, 7, 9
MM, 27, 5, 8
MM, 28, 3, 7
MM, 29, 2, 8
MM, 29, 1, 9
MM, 42, 31, 120
MM, 2, 18, 167
MM, 3, 18, 8
MM, 4, 18, 8
MM, 5, 18, 17
MM, 6, 18, 15
MM, 7, 18, 24
MM, 9, 18, 8
MM, 10, 18, 8
MM, 12, 15, 8
MM, 13, 15, 16
MM, 13, 14, 8
MM, 8, 19, 225
MM, 6, 22, 8
MM, 3, 25, 8
MM, 27, 3, 24
MM, 18, 11, 8
MM, 8, 18, 8
MM, 27, 6, 24
MM, 18, 10, 8
MM, 11, 15, 8
MM, 4, 20, 8
MM, 0, 22, 8
MM, 41, 26, 16
MM, 36, 29, 8
MM, 35, 30, 8
MM, 33, 31, 8
MM, 109, 3, 39
MM, 106, 5, 8
MM, 100, 8, 8
MM, 97, 8, 8
MM, 93, 9, 8
MM, 90, 11, 8
MM, 88, 11, 8
MM, 88, 12, 9
MM, 86, 12, 7
MM, 85, 13, 9
MM, 84, 13, 7
MM, 81, 13, 24
MC, 1, 241
MM, 81, 10, 32
MM, 84, 8, 8
MM, 85, 3, 8
MM, 7, 30, 23
MM, 12, 26, 9
MM, 15, 21, 8
MM, 18, 18, 7
MM, 19, 16, 9
MM, 22, 13, 8
MM, 23, 10, 8
MM, 25, 7, 8
MM, 25, 6, 8
MM, 25, 5, 8
MM, 25, 4, 18
MM, 25, 3, 5
MM, 25, 2, 17
MM, 25, 0, 16
MM, 31, 30, 88
MM, 33, 29, 8
MM, 36, 28, 8
MM, 41, 25, 8
MM, 45, 23, 8
MM, 3, 20, 16
MM, 7, 20, 8
MM, 9, 20, 8
MM, 10, 20, 8
MM, 7, 20, 319
MM, 4, 22, 9
MM, 1, 24, 7
MM, 42, 28, 17
MM, 31, 28, 8
MM, 18, 28, 8
MM, 30, 28, 16
MM, 6, 28, 8
MM, 38, 27, 8
MM, 21, 27, 8
MM, 8, 25, 8
MM, 39, 25, 8
MM, 23, 23, 8
MM, 9, 23, 8
MM, 40, 23, 16
MM, 32, 23, 8
MM, 27, 21, 8
MM, 23, 21, 8
MM, 21, 21, 8
MM, 19, 21, 8
MM, 18, 21, 8
MM, 17, 21, 127
MM, 16, 20, 24
MM, 16, 19, 16
MM, 16, 18, 24
MC, 1, 273
MM, 17, 18, 23
MM, 22, 18, 8
MM, 30, 18, 8
MM, 36, 18, 9
MM, 7, 18, 15
MM, 21, 16, 8
MM, 40, 14, 9
MM, 11, 14, 7
MM, 33, 11, 9
MM, 12, 9, 16
MM, 26, 7, 8
MM, 34, 7, 8
MM, 41, 6, 8
MC, 1, 480
MC, 1, 552
MM, 5, 25, 160
MM, 6, 26, 63
MM, 6, 27, 8
MM, 7, 28, 9
MM, 7, 31, 7
MM, 53, 0, 48
MM, 54, 3, 8
MM, 54, 4, 8
MM, 54, 6, 8
MM, 56, 7, 8
MM, 56, 8, 8
MM, 56, 10, 9
MM, 56, 11, 8
MM, 56, 12, 8
MM, 56, 13, 32
MM, 56, 14, 16
MM, 56, 15, 24
MM, 55, 15, 9
MM, 55, 16, 6
MM, 55, 18, 33
MC, 1, 248
MM, 56, 17, 7
MM, 58, 16, 8
MM, 62, 15, 9
MM, 73, 11, 8
MM, 82, 8, 8
MM, 94, 4, 7
MM, 112, 2, 8
MM, 129, 2, 9
MM, 145, 0, 8
MM, 18, 31, 40
MM, 27, 31, 8
MM, 33, 29, 8
MM, 37, 28, 8
MM, 40, 27, 8
MM, 41, 25, 8
MM, 42, 25, 8
MM, 42, 24, 8
MM, 42, 23, 24
MM, 42, 22, 24
MM, 43, 22, 16
MM, 43, 21, 16
MM, 43, 16, 160
MM, 38, 16, 23
MM, 34, 15, 9
MM, 31, 13, 7
MM, 30, 13, 9
MM, 29, 12, 16
MM, 28, 11, 8
MC, 1, 272
MM, 28, 10, 32
MM, 28, 9, 9
MM, 29, 8, 7
MM, 30, 7, 7
MM, 32, 3, 8
MM, 33, 2, 8
MM, 37, 31, 24
MM, 38, 29, 8
MM, 39, 28, 9
MM, 42, 25, 7
MM, 0, 12, 33
MM, 3, 8, 8
MM, 4, 5, 7
MM, 6, 4, 9
MM, 8, 1, 8
MM, 25, 31, 24
MM, 27, 28, 8
MM, 28, 27, 8
MM, 29, 26, 8
MM, 30, 25, 8
MM, 31, 24, 8
MM, 32, 24, 16
MM, 33, 24, 40
MM, 35, 24, 40
MM, 1, 25, 136
MM, 2, 24, 16
MM, 2, 23, 8
MM, 3, 23, 8
MM, 4, 22, 8
MM, 4, 21, 8
MM, 5, 19, 16
MM, 5, 18, 8
MM, 6, 18, 8
MM, 7, 17, 16
MM, 7, 16, 8
MM, 9, 16, 8
MM, 10, 16, 8
MM, 10, 15, 8
MC, 1, 191
MM, 10, 17, 8
MM, 8, 20, 8
MM, 7, 21, 9
MM, 4, 25, 7
MM, 0, 28, 8
MM, 17, 0, 17
MM, 8, 8, 7
MM, 32, 17, 16
MM, 15, 24, 8
MM, 1, 30, 9
MM, 35, 5, 16
MM, 26, 9, 8
MM, 19, 10, 8
MM, 15, 10, 8
MM, 11, 12, 8
MM, 10, 12, 8
MM, 9, 12, 8
MM, 7, 12, 56
MM, 6, 12, 16
MM, 5, 13, 8
MM, 3, 13, 8
MM, 0, 13, 8
MM, 43, 14, 48
MM, 43, 15, 16
MM, 42, 15, 8
MM, 43, 15, 120
MM, 2, 15, 48
MM, 3, 15, 8
MM, 4, 15, 7
MM, 6, 15, 8
MM, 7, 15, 8
MM, 9, 15, 16
MM, 10, 15, 25
MM, 11, 15, 15
MM, 12, 15, 17
MM, 13, 15, 15
MM, 14, 15, 8
MM, 15, 15, 9
MM, 16, 15, 8
MM, 16, 14, 8
MM, 18, 14, 32
MM, 12, 14, 208
MM, 11, 14, 7
MM, 10, 14, 8
MM, 8, 14, 9
MM, 6, 14, 7
MM, 5, 14, 9
MM, 1, 12, 7
MM, 36, 9, 17
MM, 25, 7, 8
MM, 16, 4, 8
MM, 4, 0, 8
MM, 1, 31, 48
MM, 38, 26, 28
MM, 27, 23, 3
MM, 21, 21, 9
MM, 18, 20, 8
MM, 15, 20, 8
MM, 14, 19, 8
MM, 13, 19, 8
MM, 14, 19, 151
MC, 1, 209
MM, 12, 19, 55
MM, 9, 19, 8
MM, 5, 19, 8
MM, 1, 19, 8
MM, 43, 19, 8
MM, 35, 19, 8
MM, 24, 19, 9
MM, 13, 19, 7
MM, 2, 19, 9
MM, 38, 19, 15
MM, 32, 17, 8
MM, 29, 17, 8
MM, 25, 17, 8
MM, 24, 16, 9
MM, 21, 15, 8
MM, 20, 14, 8
MM, 18, 13, 8
MM, 15, 11, 8
MM, 12, 10, 8
MM, 11, 10, 8
MM, 10, 10, 8
MM, 7, 10, 8
MM, 6, 10, 8
MM, 5, 10, 7
MM, 4, 10, 9
MM, 3, 10, 8
MM, 2, 10, 16
MM, 1, 10, 8
MP, 1, 119
MR, 1, 129
MC, 1, 0
MM, 0, 10, 96
MM, 1, 10, 27
MM, 5, 10, 2
MM, 7, 11, 3
MM, 10, 11, 8
MM, 14, 11, 8
MM, 18, 11, 8
MM, 23, 11, 8
MM, 29, 11, 8
MM, 33, 11, 8
MM, 36, 11, 8
MM, 38, 11, 8
MM, 39, 11, 16
MM, 39, 13, 152
MM, 39, 14, 32
MM, 38, 14, 48
MM, 38, 15, 7
MM, 37, 15, 16
MM, 36, 15, 17
MM, 35, 16, 24
MM, 33, 16, 8
MM, 32, 16, 7
MM, 31, 16, 8
MM, 30, 16, 17
MM, 29, 17, 7
MM, 28, 17, 16
MM, 28, 18, 9
MM, 27, 19, 8
MM, 25, 19, 7
MM, 24, 19, 16
MM, 23, 19, 17
MM, 22, 19, 32
MM, 21, 19, 15
MM, 21, 21, 9
MM, 20, 21, 15
MM, 20, 22, 9
MM, 20, 23, 8
MM, 19, 23, 15
MM, 17, 23, 17
MM, 17, 24, 32
MM, 17, 25, 8
MM, 16, 25, 7
MM, 15, 25, 8
MM, 15, 26, 24
MM, 14, 26, 9
MM, 13, 27, 16
MM, 12, 27, 88
MC, 1, 394
MM, 13, 27, 37
MM, 14, 27, 9
MM, 15, 26, 7
MM, 19, 25, 8
MM, 20, 25, 8
MM, 24, 25, 10
MM, 29, 25, 7
MM, 35, 23, 8
MM, 39, 23, 8
MM, 3, 23, 16
MM, 14, 23, 8
MM, 22, 22, 8
MM, 33, 22, 8
MM, 42, 22, 8
MM, 2, 22, 7
MM, 13, 22, 8
MM, 24, 22, 9
MM, 35, 20, 7
MM, 41, 20, 9
MM, 2, 18, 16
MM, 8, 18, 8
MM, 12, 17, 8
MM, 15, 15, 8
MM, 17, 14, 9
MM, 20, 14, 7
MM, 24, 13, 8
MM, 27, 13, 8
MM, 30, 13, 7
MM, 34, 13, 8
MM, 37, 11, 8
MM, 39, 11, 8
MM, 4, 11, 25
MM, 6, 11, 8
MM, 9, 10, 8
MM, 12, 10, 8
MM, 12, 9, 8
MM, 12, 8, 8
MM, 12, 6, 8
MM, 12, 5, 8
MM, 13, 5, 7
MM, 13, 4, 9
MM, 13, 3, 8
MM, 14, 3, 7
MM, 15, 0, 9
MM, 1, 22, 136
MM, 2, 22, 8
MM, 3, 22, 16
MM, 4, 21, 24
MM, 5, 21, 8
MM, 6, 21, 7
MM, 7, 21, 25
MM, 9, 21, 8
MM, 10, 21, 8
MM, 11, 21, 8
MM, 11, 20, 8
MM, 12, 19, 24
MC, 1, 345
MM, 12, 20, 159
MM, 19, 17, 896
MC, 1, 328
MM, 20, 17, 312
MM, 24, 19, 8
MM, 30, 22, 8
MM, 39, 26, 8
MM, 3, 30, 8
MM, 37, 0, 17
MM, 1, 4, 7
MM, 15, 8, 8
MM, 34, 15, 8
MM, 1, 21, 8
MM, 20, 25, 8
MM, 39, 30, 8
MM, 169, 2, 24
MM, 183, 11, 8
MM, 192, 12, 8
MM, 206, 19, 8
MM, 218, 22, 8
MM, 31, 29, 600
MM, 29, 26, 8
MM, 28, 23, 8
MM, 28, 22, 8
MM, 28, 21, 8
MM, 28, 20, 8
MM, 28, 19, 8
MM, 28, 18, 16
MM, 28, 16, 128
MC, 1, 216
MM, 27, 16, 288
MM, 26, 16, 8
MM, 25, 16, 8
MM, 24, 16, 8
MM, 22, 16, 8
MM, 21, 16, 8
MM, 20, 16, 8
MM, 19, 16, 8
MM, 20, 16, 343
MM, 21, 16, 9
MM, 24, 16, 7
MM, 25, 16, 8
MM, 27, 16, 9
MM, 32, 16, 7
MM, 34, 15, 8
MM, 39, 15, 8
MM, 40, 14, 8
MM, 42, 13, 9
MM, 302, 1, 2377
MM, 292, 60, 830
MM, 288, 59, 9
MM, 288, 58, 8
MM, 286, 58, 8
MM, 285, 57, 9
MM, 284, 56, 7
MM, 283, 56, 8
MM, 281, 56, 8
MM, 281, 55, 9
MM, 280, 53, 7
MM, 279, 52, 16
MM, 278, 52, 16
MM, 277, 51, 104
MM, 276, 50, 8
MM, 274, 48, 16
MM, 273, 48, 8
MM, 272, 46, 8
MM, 272, 45, 8
MM, 271, 43, 15
MM, 270, 42, 18
MM, 269, 40, 7
MM, 269, 39, 16
MM, 269, 38, 16
MM, 267, 38, 423
MM, 267, 42, 8
MM, 267, 46, 8
MM, 267, 51, 9
MM, 267, 55, 8
MM, 267, 59, 7
MM, 267, 60, 9
MM, 267, 62, 16
MM, 266, 62, 416
MM, 265, 62, 40
MM, 264, 61, 32
MM, 264, 60, 912
MM, 264, 59, 7
MM, 264, 58, 8
MM, 265, 55, 8
MM, 267, 54, 9
MM, 270, 54, 7
MM, 273, 51, 9
MM, 278, 50, 8
MM, 281, 46, 8
MM, 285, 43, 8
MM, 290, 40, 8
MM, 293, 37, 8
MM, 297, 34, 8
MM, 298, 31, 8
MM, 300, 30, 8
MM, 302, 27, 7
MM, 303, 26, 8
MM, 304, 24, 8
MM, 306, 23, 9
MM, 307, 21, 8
MM, 309, 19, 7
MM, 312, 16, 9
MM, 315, 15, 8
MM, 318, 12, 7
MM, 322, 10, 8
MM, 325, 7, 8
MM, 328, 3, 9
MM, 331, 2, 8
MM, 256, 38, 75973
MM, 255, 38, 715
MM, 254, 38, 8
MM, 253, 38, 8
MM, 252, 38, 8
MM, 250, 38, 8
MM, 249, 38, 8
MM, 247, 38, 7
MM, 246, 38, 9
MM, 245, 38, 8
MM, 243, 38, 8
MM, 242, 38, 8
MM, 241, 37, 7
MM, 239, 35, 8
MM, 238, 34, 8
MM, 235, 33, 8
MM, 231, 32, 8
MM, 226, 30, 8
MM, 222, 27, 8
MM, 217, 26, 8
MM, 211, 24, 8
MM, 207, 21, 8
MM, 201, 20, 8
MM, 196, 18, 8
MM, 193, 15, 8
MM, 191, 14, 8
MM, 190, 13, 8
MM, 188, 12, 17
MM, 187, 12, 16
MM, 187, 10, 72
MM, 187, 11, 120
MM, 187, 12, 16
MM, 189, 14, 7
MM, 191, 16, 9
MM, 193, 17, 7
MM, 193, 18, 9
MM, 194, 18, 7
MM, 194, 19, 9
MM, 195, 19, 8
MM, 196, 20, 15
MM, 197, 20, 17
MM, 198, 20, 8
MM, 198, 21, 8
MM, 201, 21, 8
MM, 202, 21, 7
MM, 203, 21, 8
MM, 205, 21, 9
MM, 208, 21, 8
MM, 212, 21, 7
MM, 216, 21, 9
MM, 222, 21, 8
MM, 233, 21, 8
MM, 241, 23, 8
MM, 255, 25, 8
MM, 266, 27, 8
MM, 277, 29, 8
MM, 291, 31, 8
MM, 311, 39, 8
MM, 325, 45, 8
MM, 342, 54, 8
MM, 356, 62, 7
MM, 48, 1, 448
MM, 46, 4, 9
MM, 46, 5, 16
MM, 46, 6, 8
MM, 46, 7, 111
