********************************************************************************
LOGGING TIME: 20201022_174929
CLIENT IP: 192.168.137.1
USERNAME: izazuhur
OS: Windows 10
**********************************Emotional database********************************************************************************
MM, 10, 24, 1602022801714
MM, 8, 24, 17
MM, 773, 647, 31
MM, 764, 649, 8
MM, 755, 652, 8
MM, 746, 656, 8
MM, 733, 658, 7
MM, 719, 658, 8
MM, 708, 658, 8
MM, 695, 658, 8
MM, 27, 19, 8
MM, 16, 18, 8
MM, 7, 14, 8
MM, 0, 11, 8
MM, 653, 647, 9
MM, 30, 7, 7
MM, 27, 4, 9
MM, 643, 638, 7
MM, 641, 636, 10
MM, 15, 29, 6
MM, 14, 25, 9
MM, 11, 18, 7
MM, 9, 12, 9
MM, 5, 1, 7
MM, 6, 23, 9
MM, 2, 7, 7
MM, 25, 24, 8
MM, 16, 0, 9
MM, 331, 88, 7
MM, 320, 66, 8
MM, 311, 49, 8
MM, 298, 31, 8
MM, 288, 17, 8
MM, 277, 2, 8
MM, 521, 412, 8
MM, 513, 400, 8
MM, 504, 392, 8
MM, 496, 385, 8
MM, 487, 377, 8
MM, 224, 81, 8
MM, 214, 75, 8
MM, 210, 72, 8
MM, 206, 71, 8
MM, 199, 69, 8
MM, 195, 69, 9
MM, 191, 68, 7
MM, 184, 64, 8
MM, 180, 63, 9
MM, 174, 63, 8
MM, 169, 60, 8
MM, 165, 60, 8
MM, 159, 57, 8
MM, 152, 54, 8
MM, 146, 50, 8
MM, 139, 47, 8
MM, 132, 44, 8
MM, 128, 41, 8
MM, 125, 38, 8
MM, 122, 36, 8
MM, 120, 34, 8
MM, 118, 32, 8
MM, 116, 30, 8
MM, 113, 27, 8
MM, 112, 24, 7
MM, 109, 21, 8
MM, 108, 21, 8
MM, 106, 19, 8
MM, 105, 18, 8
MM, 104, 18, 130
MM, 103, 14, 223
MM, 103, 10, 8
MM, 103, 4, 7
MM, 359, 287, 9
MM, 360, 278, 7
MM, 363, 266, 8
MM, 363, 253, 8
MM, 344, 179, 120
MM, 342, 176, 9
MM, 339, 173, 8
MM, 336, 170, 7
MM, 335, 167, 9
MM, 335, 165, 8
MM, 333, 162, 8
MM, 333, 160, 7
MM, 333, 158, 9
MM, 335, 155, 7
MM, 339, 152, 9
MM, 342, 149, 7
MM, 345, 144, 9
MM, 350, 143, 8
MM, 354, 140, 8
MM, 359, 137, 7
MM, 360, 134, 9
MM, 360, 133, 8
MM, 360, 132, 8
MM, 360, 129, 8
MM, 360, 128, 7
MM, 360, 126, 9
MM, 360, 125, 8
MM, 359, 124, 8
MM, 361, 122, 16
MM, 364, 121, 8
MM, 368, 121, 8
MM, 373, 121, 7
MM, 377, 119, 8
MM, 379, 119, 8
MM, 384, 119, 8
MM, 388, 119, 9
MM, 391, 120, 7
MM, 397, 120, 9
MM, 399, 121, 7
MM, 404, 123, 8
MM, 406, 123, 8
MM, 408, 125, 8
MM, 409, 126, 17
MM, 409, 128, 7
MM, 409, 129, 17
MM, 410, 129, 15
MM, 411, 127, 25
MM, 412, 126, 7
MM, 414, 125, 8
MM, 415, 122, 8
MM, 416, 120, 9
MM, 417, 119, 7
MM, 417, 119, 457
MM, 417, 123, 7
MM, 416, 125, 8
MM, 416, 130, 8
MM, 416, 136, 9
MM, 414, 144, 8
MM, 411, 150, 8
MM, 409, 162, 8
MM, 405, 171, 8
MM, 385, 265, 47
MM, 381, 284, 9
MM, 125, 9, 8
MM, 123, 23, 7
MM, 121, 34, 8
MM, 121, 42, 8
MM, 121, 50, 8
MM, 121, 56, 21
MM, 121, 59, 2
MM, 121, 61, 2
MM, 120, 64, 8
MM, 120, 67, 8
MM, 120, 68, 8
MM, 120, 69, 8
MM, 120, 70, 16
MM, 120, 71, 16
MM, 118, 71, 8
MM, 118, 72, 8
MM, 118, 73, 8
MM, 117, 73, 8
MM, 116, 75, 16
MM, 116, 76, 24
MM, 116, 74, 103
MM, 116, 73, 17
MM, 116, 72, 8
MM, 116, 70, 8
MM, 116, 69, 8
MM, 116, 68, 8
MM, 116, 66, 8
MM, 116, 65, 7
MM, 116, 64, 9
MM, 116, 63, 8
MM, 116, 62, 8
MM, 116, 61, 16
MM, 116, 60, 8
MM, 116, 58, 8
MM, 116, 57, 8
MM, 116, 55, 16
MM, 116, 54, 8
MM, 116, 53, 8
MM, 116, 51, 16
MM, 116, 50, 8
MM, 115, 49, 176
MM, 116, 49, 8
MM, 116, 53, 21376
MM, 114, 64, 8
MM, 113, 75, 8
MM, 369, 379, 8
MM, 367, 390, 7
MM, 365, 397, 8
MM, 364, 398, 8
MM, 361, 400, 9
MM, 360, 403, 7
MM, 357, 408, 8
MM, 354, 412, 8
MM, 351, 416, 9
MM, 94, 1, 19
MM, 94, 5, 2
MM, 94, 8, 3
MM, 94, 9, 8
MM, 94, 11, 8
MM, 94, 12, 8
MM, 94, 14, 7
MM, 94, 15, 9
MM, 94, 17, 7
MM, 95, 18, 9
MM, 95, 21, 8
MM, 95, 22, 8
MM, 95, 23, 7
MM, 95, 22, 73
MC, 1, 176
MM, 98, 23, 80
MM, 102, 28, 8
MM, 103, 29, 8
MM, 106, 32, 8
MM, 109, 33, 7
MM, 110, 36, 8
MM, 113, 37, 8
MM, 114, 38, 8
MM, 118, 41, 8
MM, 121, 42, 8
MM, 123, 44, 8
MM, 128, 48, 8
MM, 132, 50, 9
MM, 139, 55, 7
MM, 145, 56, 9
MM, 157, 64, 7
MM, 164, 67, 9
MM, 173, 71, 8
MM, 179, 74, 8
MM, 186, 78, 7
MM, 189, 81, 9
MM, 190, 82, 8
MM, 191, 84, 7
MM, 192, 84, 8
MM, 192, 85, 9
MM, 192, 86, 16
MM, 192, 88, 8
MM, 192, 89, 16
MM, 447, 511, 16
MM, 447, 512, 8
MM, 444, 515, 7
MM, 443, 516, 16
MM, 443, 517, 17
MM, 443, 518, 16
MM, 443, 519, 7
MM, 443, 521, 8
MM, 443, 523, 8
MM, 443, 524, 8
MM, 443, 527, 8
MM, 24, 0, 8
MM, 24, 2, 8
MM, 24, 5, 8
MM, 24, 7, 9
MM, 24, 8, 7
MM, 24, 10, 8
MM, 24, 11, 8
MM, 24, 12, 9
MM, 24, 13, 32
MM, 25, 13, 327
MM, 27, 14, 9
MM, 32, 17, 7
MM, 458, 552, 9
MM, 470, 560, 7
MM, 477, 563, 9
MM, 25, 4, 7
MM, 495, 573, 8
MM, 4, 15, 8
MM, 11, 22, 9
MM, 16, 27, 8
MM, 20, 30, 8
MM, 522, 599, 8
MM, 23, 2, 8
MM, 32, 7, 8
MM, 543, 615, 9
MM, 10, 21, 7
MM, 20, 28, 8
MM, 572, 638, 8
MM, 4, 4, 8
MM, 10, 7, 8
MM, 15, 12, 8
MM, 20, 16, 7
MM, 24, 19, 8
MM, 29, 22, 8
MM, 33, 25, 9
MM, 34, 25, 8
MM, 37, 27, 8
MM, 614, 667, 8
MM, 617, 667, 8
MM, 0, 28, 8
MM, 0, 29, 8
MM, 1, 29, 32
MM, 2, 26, 15
MM, 3, 26, 8
MM, 6, 26, 9
MM, 8, 26, 8
MM, 9, 26, 8
MM, 10, 26, 7
MM, 11, 26, 9
MM, 13, 27, 8
MM, 14, 27, 24
MM, 14, 26, 79
MM, 14, 25, 33
MC, 1, 200
MM, 15, 25, 135
MM, 16, 25, 9
MM, 19, 24, 8
MM, 21, 24, 7
MM, 22, 23, 9
MM, 25, 22, 7
MM, 28, 19, 9
MM, 30, 17, 19
MM, 653, 655, 1
MM, 654, 652, 3
MM, 654, 651, 8
MM, 656, 650, 8
MM, 0, 10, 9
MM, 1, 9, 7
MM, 2, 8, 8
MM, 3, 7, 8
MM, 3, 5, 8
MM, 4, 3, 8
MM, 7, 0, 8
MM, 667, 635, 8
MM, 9, 28, 8
MM, 16, 23, 8
MM, 25, 15, 8
MM, 698, 611, 8
MM, 707, 604, 8
MM, 715, 597, 8
MM, 30, 28, 8
MM, 733, 587, 8
MM, 742, 584, 8
MM, 749, 576, 8
MM, 756, 573, 8
MM, 761, 566, 8
MM, 764, 562, 8
MM, 765, 561, 8
MM, 766, 558, 8
MM, 766, 557, 8
MM, 766, 556, 17
MM, 768, 556, 63
MM, 769, 556, 16
MM, 771, 555, 9
MM, 772, 553, 8
MM, 775, 552, 8
MM, 796, 562, 416
MM, 794, 566, 7
MM, 793, 569, 9
MM, 791, 572, 8
MM, 789, 573, 8
MM, 787, 576, 8
MM, 786, 579, 8
MM, 785, 581, 7
MM, 782, 583, 8
MM, 781, 584, 8
MM, 779, 586, 9
MM, 777, 588, 8
MM, 774, 589, 8
MM, 771, 591, 8
MM, 767, 594, 8
MM, 762, 595, 8
MM, 758, 600, 8
MM, 751, 603, 7
MM, 747, 608, 9
MM, 740, 611, 7
MM, 735, 614, 8
MM, 732, 618, 8
MM, 728, 620, 9
MM, 723, 624, 7
MM, 719, 627, 8
MM, 714, 630, 9
MM, 712, 632, 8
MM, 709, 635, 8
MM, 706, 635, 7
MM, 705, 635, 8
MM, 705, 636, 9
MM, 704, 636, 16
MM, 703, 636, 80
MM, 702, 636, 24
MM, 702, 637, 16
MM, 701, 638, 16
MM, 700, 639, 16
MM, 698, 640, 7
MM, 696, 640, 8
MM, 693, 642, 8
MM, 690, 644, 8
MM, 688, 647, 9
MM, 29, 9, 7
MM, 26, 9, 8
MM, 24, 11, 8
MM, 23, 11, 9
MM, 22, 12, 7
MM, 21, 12, 8
MM, 20, 12, 8
MM, 19, 12, 25
MM, 18, 12, 24
MM, 18, 10, 24
MM, 16, 10, 7
MM, 13, 11, 168
MM, 10, 12, 9
MM, 6, 12, 8
MM, 0, 14, 7
MM, 28, 15, 9
MM, 20, 15, 7
MM, 9, 15, 9
MM, 618, 654, 7
MM, 32, 15, 9
MM, 21, 15, 7
MM, 10, 17, 9
MM, 574, 656, 8
MM, 29, 17, 8
MM, 23, 17, 8
MM, 17, 19, 8
MM, 13, 19, 8
MM, 12, 19, 8
MM, 11, 19, 8
MM, 11, 20, 55
MM, 11, 21, 16
MM, 11, 22, 8
MM, 11, 23, 9
MM, 10, 24, 15
MM, 10, 27, 8
MM, 10, 28, 9
MM, 9, 29, 7
MM, 9, 30, 8
MM, 541, 670, 8
MM, 541, 673, 8
MM, 541, 674, 8
MM, 540, 675, 8
MM, 134, 0, 9
MM, 133, 4, 7
MM, 132, 5, 8
MM, 130, 8, 9
MM, 129, 9, 8
MM, 129, 11, 7
MM, 128, 12, 17
MM, 128, 14, 15
MM, 128, 15, 17
MM, 127, 15, 16
MM, 126, 15, 31
MM, 125, 16, 17
MM, 124, 11, 191
MM, 125, 10, 8
MM, 127, 9, 9
MM, 129, 4, 8
MM, 133, 1, 8
MM, 543, 673, 8
MM, 544, 670, 8
MM, 13, 28, 8
MM, 15, 24, 7
MM, 17, 22, 8
MM, 19, 21, 8
MM, 21, 19, 8
MM, 24, 19, 9
MM, 24, 16, 7
MM, 25, 15, 8
MM, 26, 15, 8
MM, 26, 12, 8
MM, 27, 12, 8
MM, 30, 11, 8
MM, 31, 11, 8
MM, 33, 10, 9
MM, 570, 649, 7
MM, 572, 649, 8
MM, 0, 10, 8
MM, 2, 10, 9
MM, 4, 10, 8
MM, 4, 9, 8
MM, 5, 9, 15
MM, 6, 9, 24
MM, 7, 9, 8
MM, 8, 9, 8
MM, 9, 9, 8
MM, 10, 9, 8
MM, 12, 9, 8
MM, 13, 9, 24
MM, 13, 10, 48
MM, 9, 10, 232
MM, 6, 8, 8
MM, 5, 7, 9
MM, 4, 5, 7
MM, 2, 2, 8
MM, 576, 637, 8
MM, 28, 30, 9
MM, 23, 26, 8
MM, 19, 21, 8
MM, 16, 17, 8
MM, 11, 14, 8
MM, 7, 9, 8
MM, 2, 6, 8
MM, 539, 603, 8
MM, 532, 598, 8
MM, 26, 29, 8
MM, 21, 25, 8
MM, 17, 23, 8
MM, 13, 20, 8
MM, 10, 17, 8
MM, 9, 17, 8
MM, 7, 16, 7
MM, 6, 15, 9
MM, 6, 14, 7
MM, 6, 13, 8
MM, 5, 13, 16
MM, 8, 14, 241
MM, 10, 14, 8
MM, 15, 17, 8
MM, 19, 17, 8
MM, 23, 19, 9
MM, 29, 19, 7
MM, 534, 584, 8
MM, 3, 19, 8
MM, 9, 19, 8
MM, 15, 19, 8
MM, 17, 19, 8
MM, 20, 19, 8
MM, 21, 19, 8
MM, 22, 19, 7
MM, 23, 19, 8
MM, 24, 19, 33
MM, 24, 18, 8
MM, 23, 18, 144
MM, 23, 17, 15
MM, 22, 17, 9
MM, 20, 22, 152
MM, 20, 27, 8
MM, 554, 596, 8
MM, 8, 0, 8
MM, 6, 11, 7
MM, 4, 20, 9
MM, 547, 633, 7
MM, 13, 2, 9
MM, 13, 8, 8
MM, 12, 13, 8
MM, 12, 15, 7
MM, 12, 16, 9
MM, 12, 18, 7
MM, 12, 19, 17
MM, 12, 20, 32
MM, 10, 20, 16
MM, 10, 21, 8
MM, 10, 22, 8
MM, 8, 23, 8
MM, 7, 25, 8
MM, 6, 26, 8
MM, 4, 28, 8
MM, 2, 30, 8
MM, 536, 671, 8
MM, 535, 672, 7
MM, 533, 673, 17
MM, 532, 675, 8
MM, 127, 0, 7
MM, 126, 0, 8
MM, 125, 2, 8
MM, 124, 3, 8
MM, 123, 4, 9
MM, 121, 6, 7
MM, 120, 7, 9
MM, 119, 7, 8
MM, 118, 8, 8
MM, 118, 9, 16
MM, 117, 9, 71
MM, 116, 9, 2
MM, 115, 9, 23
MC, 1, 216
MM, 114, 9, 8
MM, 112, 8, 16
MM, 111, 5, 8
MM, 110, 4, 8
MM, 109, 2, 8
MM, 511, 675, 8
MM, 511, 672, 7
MM, 15, 29, 8
MM, 10, 24, 9
MM, 6, 19, 7
MM, 1, 15, 10
MM, 489, 649, 6
MM, 31, 6, 8
MM, 31, 4, 9
MM, 30, 2, 7
MM, 28, 1, 9
MM, 482, 637, 7
MM, 481, 636, 9
MM, 481, 635, 8
MM, 481, 634, 15
MM, 14, 30, 8
MM, 14, 28, 25
MM, 14, 27, 16
MM, 14, 26, 15
MM, 13, 25, 8
MM, 12, 24, 16
MM, 11, 23, 8
MM, 11, 22, 8
MM, 10, 22, 8
MM, 10, 20, 8
MM, 9, 19, 8
MM, 9, 18, 25
MM, 461, 625, 208
MM, 30, 23, 8
MM, 26, 23, 9
MM, 22, 23, 7
MM, 16, 23, 8
MM, 13, 23, 8
MM, 7, 20, 8
MM, 3, 20, 7
MM, 0, 18, 8
MM, 423, 619, 8
MM, 34, 15, 9
MM, 31, 14, 7
MM, 30, 14, 9
MM, 29, 14, 32
MM, 29, 13, 16
MM, 26, 13, 7
MM, 25, 13, 17
MM, 23, 13, 7
MM, 22, 13, 8
MM, 19, 13, 8
MM, 18, 12, 9
MM, 16, 12, 8
MM, 14, 12, 8
MM, 13, 12, 8
MM, 12, 12, 7
MM, 11, 11, 8
MM, 10, 11, 9
MM, 9, 11, 8
MM, 8, 9, 7
MM, 6, 9, 9
MM, 5, 9, 7
MM, 3, 9, 9
MM, 0, 9, 7
MM, 384, 612, 9
MM, 380, 612, 8
MM, 32, 10, 8
MM, 28, 11, 7
MM, 23, 11, 8
MM, 19, 12, 8
MM, 15, 12, 9
MM, 11, 12, 7
MM, 8, 12, 9
MM, 5, 12, 8
MM, 3, 12, 8
MM, 2, 12, 7
MM, 1, 12, 9
MM, 2, 12, 304
MM, 4, 12, 16
MM, 7, 12, 7
MM, 9, 12, 8
MM, 10, 12, 8
MM, 12, 12, 8
MM, 14, 12, 8
MM, 15, 12, 9
MM, 16, 12, 7
MM, 17, 12, 41
MM, 19, 12, 23
MC, 1, 233
MM, 21, 12, 23
MM, 25, 12, 8
MM, 30, 13, 8
MM, 380, 616, 8
MM, 1, 14, 8
MM, 7, 18, 9
MM, 13, 19, 7
MM, 20, 21, 9
MM, 24, 21, 7
MM, 30, 22, 8
MM, 31, 23, 8
MM, 33, 23, 8
MM, 33, 24, 8
MM, 420, 626, 9
MM, 420, 628, 32
MM, 421, 628, 8
MM, 421, 629, 8
MM, 421, 630, 8
MM, 422, 630, 9
MM, 423, 631, 20
MM, 424, 632, 2
MM, 425, 633, 9
MM, 425, 634, 8
MM, 426, 634, 8
MM, 426, 636, 7
MM, 428, 636, 17
MM, 428, 637, 7
MM, 429, 638, 8
MM, 430, 638, 8
MM, 16, 0, 17
MM, 17, 1, 7
MM, 18, 2, 8
MM, 19, 3, 8
MM, 23, 3, 16
MM, 26, 3, 8
MM, 30, 3, 8
MM, 448, 642, 9
MM, 452, 642, 8
MM, 1, 3, 8
MM, 4, 3, 8
MM, 6, 3, 8
MM, 7, 3, 16
MM, 8, 3, 7
MM, 10, 3, 9
MM, 11, 3, 8
MM, 11, 4, 8
MM, 12, 4, 8
MM, 13, 4, 15
MM, 14, 6, 9
MM, 15, 7, 24
MM, 16, 8, 15
MM, 18, 9, 9
MM, 19, 10, 16
MM, 20, 11, 16
MM, 20, 12, 7
MM, 20, 14, 16
MM, 20, 15, 24
MM, 20, 13, 97
MM, 20, 12, 7
MC, 1, 129
MM, 22, 12, 15
MM, 23, 12, 8
MM, 27, 12, 8
MM, 487, 650, 9
MM, 490, 647, 8
MM, 4, 5, 7
MM, 8, 3, 8
MM, 14, 0, 8
MM, 512, 638, 8
MM, 515, 635, 8
MM, 519, 633, 8
MM, 19, 30, 9
MM, 22, 28, 7
MM, 25, 27, 9
MM, 28, 26, 7
MM, 32, 24, 9
MM, 540, 623, 8
MM, 2, 20, 8
MM, 13, 18, 8
MM, 24, 14, 8
MM, 33, 12, 8
MM, 585, 609, 8
MM, 8, 5, 7
MM, 12, 1, 9
MM, 603, 600, 7
MM, 607, 598, 9
MM, 610, 595, 7
MM, 611, 594, 9
MM, 611, 593, 7
MM, 614, 592, 8
MM, 615, 591, 8
MM, 1, 25, 9
MM, 1, 22, 8
MM, 2, 21, 8
MM, 4, 20, 7
MM, 5, 19, 8
MM, 5, 17, 9
MM, 6, 16, 8
MM, 8, 16, 16
MM, 8, 15, 8
MM, 9, 14, 7
MM, 11, 14, 9
MM, 12, 14, 8
MM, 13, 14, 7
MM, 14, 13, 8
MM, 15, 13, 17
MM, 16, 12, 8
MM, 17, 12, 15
MM, 18, 12, 9
MM, 18, 11, 15
MM, 20, 11, 8
MM, 21, 11, 9
MM, 22, 11, 7
MM, 24, 11, 9
MM, 27, 11, 8
MM, 28, 11, 8
MM, 30, 11, 8
MM, 649, 576, 8
MM, 652, 576, 7
MM, 1, 11, 9
MM, 2, 11, 7
MM, 5, 11, 9
MM, 6, 11, 7
MM, 8, 11, 9
MM, 9, 11, 8
MM, 11, 11, 56
MM, 10, 11, 8
MM, 11, 11, 8
MM, 12, 11, 16
MM, 13, 12, 16
MM, 14, 12, 8
MM, 15, 13, 7
MM, 16, 14, 8
MM, 19, 15, 8
MM, 21, 17, 8
MM, 24, 18, 9
MM, 28, 18, 7
MM, 30, 18, 8
MM, 31, 18, 8
MM, 32, 18, 8
MM, 33, 18, 8
MM, 32, 18, 89
MM, 31, 18, 8
MM, 28, 18, 8
MM, 27, 18, 7
MM, 26, 18, 9
MM, 23, 18, 8
MM, 22, 18, 16
MM, 21, 18, 16
MC, 1, 207
MM, 20, 18, 24
MM, 19, 18, 17
MM, 18, 19, 7
MM, 14, 21, 8
MM, 13, 21, 8
MM, 10, 21, 9
MM, 6, 21, 7
MM, 3, 21, 8
MM, 1, 21, 8
MM, 651, 586, 9
MM, 649, 586, 8
MM, 30, 21, 7
MM, 29, 21, 24
MM, 28, 20, 25
MM, 27, 19, 16
MM, 26, 19, 16
MM, 25, 18, 8
MM, 22, 18, 15
MM, 20, 18, 9
MM, 18, 18, 8
MM, 16, 18, 8
MM, 13, 18, 8
MM, 11, 18, 8
MM, 8, 18, 8
MM, 6, 17, 8
MM, 3, 17, 19
MM, 0, 17, 2
MM, 614, 582, 2
MM, 611, 582, 8
MM, 610, 582, 8
MM, 34, 17, 8
MM, 32, 17, 8
MM, 29, 17, 8
MM, 28, 17, 8
MM, 27, 16, 8
MM, 24, 16, 16
MM, 23, 16, 16
MM, 22, 16, 16
MM, 21, 16, 57
MM, 20, 16, 15
MM, 19, 16, 9
MM, 18, 16, 8
MM, 16, 16, 8
MM, 15, 16, 8
MM, 14, 16, 8
MM, 13, 16, 8
MC, 1, 153
MM, 12, 17, 6
MM, 8, 19, 16
MM, 7, 20, 9
MM, 0, 23, 7
MM, 570, 590, 8
MM, 26, 25, 9
MM, 20, 25, 7
MM, 14, 25, 8
MM, 8, 25, 8
MM, 4, 25, 8
MM, 532, 589, 8
MM, 24, 19, 8
MM, 18, 19, 8
MM, 13, 17, 9
MM, 9, 17, 8
MM, 6, 16, 8
MM, 3, 14, 8
MM, 2, 13, 8
MM, 1, 12, 104
MM, 0, 11, 16
MM, 498, 575, 8
MM, 497, 575, 7
MM, 496, 575, 8
MM, 493, 575, 8
MM, 30, 10, 17
MM, 29, 10, 7
MM, 27, 10, 8
MC, 1, 361
MM, 28, 10, 15
MM, 31, 10, 8
MM, 0, 13, 8
MM, 4, 13, 8
MM, 8, 13, 8
MM, 16, 13, 9
MM, 21, 13, 7
MM, 27, 13, 9
MM, 530, 578, 7
MM, 534, 578, 8
MM, 2, 13, 8
MM, 7, 13, 8
MM, 9, 15, 8
MM, 14, 15, 9
MM, 20, 16, 7
MM, 26, 16, 8
MM, 32, 16, 8
MM, 572, 581, 9
MM, 0, 16, 7
MM, 1, 16, 8
MM, 3, 16, 9
MM, 4, 16, 8
MM, 5, 16, 8
MM, 7, 16, 8
MM, 8, 16, 16
MM, 10, 16, 8
MM, 13, 16, 8
MM, 17, 16, 8
MM, 21, 16, 8
MM, 27, 16, 7
MM, 31, 16, 8
MM, 611, 581, 8
MM, 615, 581, 9
MM, 3, 16, 8
MM, 6, 16, 8
MM, 8, 16, 8
MM, 11, 16, 8
MM, 12, 16, 8
MM, 13, 16, 8
MM, 14, 16, 16
MM, 16, 16, 23
MM, 17, 16, 17
MM, 18, 16, 7
MM, 20, 16, 8
MM, 21, 16, 8
MM, 23, 16, 8
MM, 25, 16, 9
MM, 27, 16, 8
MM, 30, 16, 8
MM, 649, 581, 8
MM, 651, 581, 8
MM, 1, 16, 8
MM, 2, 16, 8
MM, 1, 16, 55
MM, 1, 15, 8
MM, 652, 580, 16
MM, 651, 580, 8
MM, 650, 580, 8
MM, 649, 580, 8
MM, 648, 580, 9
MM, 28, 15, 7
MM, 27, 15, 9
MM, 26, 15, 7
MM, 23, 15, 9
MM, 22, 15, 16
MM, 21, 15, 8
MM, 20, 15, 16
MM, 19, 15, 24
MC, 1, 264
MM, 18, 15, 80
MM, 15, 15, 16
MM, 13, 15, 8
MM, 8, 15, 7
MM, 4, 15, 9
MM, 0, 15, 7
MM, 612, 580, 8
MM, 32, 15, 8
MM, 30, 15, 8
MM, 27, 15, 8
MM, 25, 15, 9
MM, 22, 15, 7
MM, 21, 15, 8
MM, 18, 15, 8
MM, 17, 15, 8
MM, 13, 15, 8
MM, 11, 15, 9
MM, 10, 15, 7
MM, 9, 15, 9
MM, 8, 15, 8
MM, 6, 15, 8
MM, 5, 15, 7
MM, 4, 15, 9
MM, 2, 15, 8
MM, 1, 14, 8
MM, 573, 579, 7
MM, 572, 579, 9
MM, 569, 578, 8
MM, 31, 13, 8
MM, 27, 13, 8
MM, 24, 13, 8
MM, 20, 13, 7
MM, 19, 13, 9
MM, 16, 13, 8
MM, 15, 13, 16
MM, 14, 13, 48
MM, 13, 13, 8
MM, 12, 13, 7
MM, 11, 13, 8
MM, 8, 13, 8
MM, 7, 13, 9
MM, 5, 13, 7
MM, 2, 13, 9
MM, 535, 578, 8
MM, 533, 578, 8
MM, 530, 576, 8
MM, 29, 11, 8
MM, 24, 11, 8
MM, 22, 11, 8
MM, 19, 11, 8
MM, 18, 11, 8
MM, 17, 11, 7
MM, 16, 11, 25
MM, 15, 11, 39
MM, 15, 10, 145
MM, 4, 15, 168
MM, 0, 15, 8
MM, 31, 16, 8
MM, 23, 16, 8
MM, 19, 16, 8
MM, 13, 16, 7
MM, 9, 16, 8
MM, 1, 16, 8
MM, 457, 581, 8
MM, 33, 16, 8
MM, 29, 16, 8
MM, 24, 16, 8
MM, 22, 16, 8
MM, 19, 16, 8
MM, 17, 16, 8
MM, 14, 14, 17
MM, 14, 13, 7
MM, 13, 13, 24
MM, 13, 12, 24
MM, 14, 12, 169
MM, 15, 12, 32
MM, 16, 12, 32
MM, 16, 11, 8
MM, 18, 11, 8
MM, 18, 20, 232
MM, 18, 21, 8
MM, 19, 25, 8
MM, 20, 28, 8
MM, 440, 597, 7
MM, 16, 1, 8
MM, 19, 8, 9
MM, 21, 14, 8
MM, 21, 20, 7
MM, 21, 26, 8
MM, 447, 636, 8
MM, 33, 0, 9
MM, 448, 645, 7
MM, 448, 649, 9
MM, 448, 652, 7
MM, 448, 653, 8
MM, 448, 655, 9
MM, 449, 656, 8
MM, 449, 659, 8
MM, 449, 660, 17
MM, 449, 661, 7
MM, 449, 662, 16
MM, 450, 663, 7
MM, 450, 664, 25
MM, 450, 667, 8
MM, 450, 668, 8
MM, 450, 669, 8
MM, 450, 670, 8
MM, 452, 671, 16
MM, 452, 673, 56
MM, 452, 674, 8
MM, 452, 675, 15
MM, 47, 0, 8
MM, 47, 1, 9
MM, 47, 2, 7
MM, 47, 5, 8
MM, 47, 6, 16
MM, 47, 7, 8
MM, 47, 8, 8
MM, 47, 9, 8
MM, 47, 10, 8
MM, 47, 11, 8
MM, 47, 13, 8
MM, 47, 14, 8
MC, 1, 273
MM, 47, 12, 15
MM, 47, 10, 9
MM, 47, 7, 8
MM, 47, 5, 8
MM, 47, 1, 8
MM, 452, 672, 8
MM, 452, 668, 8
MM, 452, 664, 8
MM, 451, 659, 8
MM, 450, 657, 8
MM, 450, 652, 8
MM, 32, 5, 7
MM, 32, 2, 8
MM, 443, 637, 8
MM, 443, 634, 8
MM, 442, 633, 8
MM, 16, 29, 8
MM, 16, 26, 8
MM, 15, 26, 8
MM, 14, 24, 8
MM, 13, 24, 8
MM, 12, 23, 8
MM, 12, 21, 8
MM, 10, 20, 9
MM, 10, 19, 16
MM, 10, 18, 24
MM, 10, 17, 8
MM, 10, 16, 23
MM, 10, 15, 9
MM, 10, 14, 8
MM, 10, 12, 8
MM, 11, 11, 16
MM, 11, 10, 16
MC, 1, 192
MM, 10, 10, 48
MM, 9, 10, 15
MM, 8, 10, 9
MM, 7, 10, 8
MM, 5, 10, 7
MM, 0, 10, 8
MM, 422, 612, 9
MM, 31, 12, 8
MM, 27, 12, 8
MM, 19, 12, 8
MM, 13, 12, 8
MM, 5, 12, 8
MM, 381, 613, 7
MM, 26, 11, 9
MM, 18, 11, 7
MM, 7, 9, 8
MM, 1, 9, 8
MM, 57, 9, 8
MM, 51, 9, 8
MM, 47, 9, 9
MM, 42, 9, 8
MM, 41, 9, 8
MM, 40, 9, 8
MM, 40, 8, 143
MM, 43, 8, 41
MM, 44, 8, 7
MM, 48, 8, 8
MM, 50, 8, 8
MM, 53, 8, 8
MM, 55, 8, 8
MM, 338, 610, 8
MM, 340, 610, 8
MM, 341, 610, 8
MM, 343, 610, 8
MM, 0, 8, 8
MM, 1, 8, 8
MM, 1, 7, 8
MM, 2, 7, 8
MM, 3, 7, 8
MM, 4, 7, 16
MM, 5, 8, 88
MM, 5, 9, 16
MM, 7, 9, 89
MM, 8, 10, 7
MM, 9, 10, 32
MC, 1, 209
MM, 10, 10, 40
MM, 11, 10, 8
MM, 15, 10, 7
MM, 21, 10, 9
MM, 27, 10, 7
MM, 381, 612, 8
MM, 7, 10, 8
MM, 18, 10, 8
MM, 29, 10, 9
MM, 424, 612, 8
MM, 9, 10, 8
MM, 20, 10, 8
MM, 28, 10, 8
MM, 463, 612, 7
MM, 0, 10, 9
MM, 4, 10, 7
MM, 8, 10, 8
MM, 11, 10, 8
MM, 15, 10, 8
MM, 16, 10, 8
MM, 19, 10, 8
MM, 20, 10, 33
MM, 21, 9, 8
MM, 24, 8, 16
MM, 26, 8, 8
MM, 27, 7, 7
MM, 28, 6, 9
MM, 498, 606, 8
MM, 501, 606, 8
MM, 502, 606, 8
MM, 0, 3, 7
MM, 1, 2, 8
MM, 2, 2, 8
MM, 4, 1, 8
MM, 5, 0, 8
MM, 6, 0, 8
MM, 511, 601, 8
MM, 512, 601, 9
MM, 513, 599, 7
MM, 513, 598, 8
MM, 514, 597, 8
MM, 516, 596, 8
MM, 18, 30, 16
MM, 18, 29, 9
MM, 19, 26, 8
MM, 20, 25, 8
MM, 21, 24, 8
MM, 22, 24, 8
MM, 23, 23, 7
MM, 23, 22, 8
MM, 25, 22, 8
MM, 26, 22, 8
MM, 27, 22, 40
MM, 28, 22, 16
MM, 29, 22, 24
MM, 30, 22, 72
MM, 530, 587, 9
MM, 532, 587, 16
MM, 533, 587, 8
MM, 534, 587, 8
MM, 535, 587, 8
MM, 0, 22, 8
MM, 1, 22, 7
MM, 2, 22, 8
MM, 5, 22, 8
MM, 6, 21, 8
MM, 10, 21, 8
MM, 12, 21, 8
MM, 14, 18, 8
MM, 18, 18, 8
MM, 22, 18, 8
MM, 23, 18, 8
MM, 26, 18, 8
MM, 27, 18, 8
MM, 27, 17, 16
MM, 26, 17, 232
MM, 25, 17, 105
MC, 1, 263
MM, 25, 18, 32
MM, 25, 19, 9
MM, 23, 20, 8
MM, 23, 23, 8
MM, 23, 25, 7
MM, 22, 28, 8
MM, 557, 599, 8
MM, 12, 1, 8
MM, 10, 7, 8
MM, 8, 14, 8
MM, 8, 20, 8
MM, 8, 28, 8
MM, 554, 636, 8
MM, 22, 3, 8
MM, 26, 8, 8
MM, 29, 10, 9
MM, 30, 13, 7
MM, 33, 16, 8
MM, 569, 658, 9
MM, 569, 659, 7
MM, 569, 660, 8
MM, 569, 661, 8
MM, 569, 662, 16
MM, 34, 23, 8
MM, 32, 23, 16
MM, 31, 23, 9
MM, 30, 23, 7
MM, 29, 24, 8
MM, 27, 27, 8
MM, 26, 27, 8
MM, 25, 29, 8
MM, 558, 671, 8
MM, 556, 674, 8
MM, 148, 1, 9
MM, 147, 4, 7
MM, 146, 5, 8
MM, 146, 7, 8
MM, 145, 7, 9
MM, 145, 8, 7
MM, 145, 9, 9
MM, 144, 9, 7
MM, 144, 10, 9
MM, 142, 10, 8
MM, 141, 10, 15
MM, 141, 12, 17
MM, 140, 12, 8
MM, 139, 12, 8
MM, 138, 12, 8
MM, 136, 12, 16
MM, 134, 12, 7
MM, 133, 13, 9
MM, 131, 13, 7
MM, 130, 13, 9
MM, 127, 13, 8
MM, 126, 14, 16
MM, 125, 14, 8
MM, 124, 14, 8
MM, 127, 8, 184
MM, 130, 4, 8
MM, 539, 675, 8
MM, 546, 670, 7
MM, 18, 19, 9
MM, 26, 12, 8
MM, 33, 5, 8
MM, 572, 635, 8
MM, 31, 24, 8
MM, 581, 621, 8
MM, 584, 614, 8
MM, 585, 610, 8
MM, 1, 5, 8
MM, 2, 4, 8
MM, 4, 1, 8
MM, 6, 1, 7
MM, 7, 0, 8
MM, 8, 0, 22
MM, 595, 601, 34
MM, 596, 600, 16
MM, 597, 599, 8
MM, 599, 596, 8
MM, 26, 30, 16
MM, 26, 29, 8
MM, 27, 28, 8
MM, 29, 27, 9
MM, 30, 26, 8
MM, 31, 26, 8
MM, 32, 24, 7
MM, 32, 23, 16
MM, 33, 23, 9
MM, 33, 22, 8
MM, 34, 22, 8
MM, 610, 587, 8
MM, 611, 587, 8
MM, 613, 587, 8
MM, 615, 587, 8
MM, 0, 22, 8
MM, 3, 21, 8
MM, 4, 21, 8
MM, 5, 20, 8
MM, 7, 20, 8
MM, 9, 20, 8
MM, 10, 20, 23
MM, 10, 19, 17
MM, 11, 19, 8
MM, 12, 19, 8
MM, 12, 17, 32
MC, 1, 176
MM, 7, 19, 16
MM, 2, 20, 8
MM, 614, 587, 7
MM, 31, 25, 8
MM, 19, 27, 8
MM, 583, 596, 9
MM, 571, 600, 8
MM, 10, 0, 8
MM, 30, 0, 8
MM, 11, 2, 8
MM, 27, 2, 8
MM, 5, 2, 8
MM, 33, 4, 8
MM, 22, 4, 8
MM, 16, 4, 8
MM, 10, 4, 8
MM, 5, 4, 7
MM, 3, 4, 8
MM, 0, 4, 8
MM, 424, 606, 8
MM, 423, 606, 8
MM, 420, 606, 9
MM, 34, 4, 16
MM, 32, 4, 8
MM, 30, 4, 8
MM, 29, 4, 16
MM, 28, 4, 8
MM, 27, 4, 16
MM, 26, 4, 8
MM, 25, 4, 15
MM, 22, 4, 8
MM, 20, 4, 9
MM, 17, 4, 8
MM, 13, 4, 8
MM, 10, 4, 7
MM, 8, 4, 9
MM, 5, 4, 8
MM, 4, 4, 8
MM, 3, 4, 16
MM, 3, 5, 24
MM, 4, 5, 152
MM, 7, 5, 16
MM, 8, 5, 8
MM, 9, 6, 8
MM, 10, 6, 8
MM, 10, 7, 8
MM, 11, 7, 103
MC, 1, 169
MM, 12, 8, 24
MM, 13, 9, 8
MM, 15, 11, 8
MM, 16, 12, 7
MM, 17, 14, 8
MM, 22, 19, 9
MM, 26, 23, 8
MM, 31, 28, 8
MM, 420, 635, 7
MM, 11, 0, 9
MM, 16, 5, 7
MM, 20, 10, 8
MM, 25, 14, 8
MM, 30, 19, 9
MM, 448, 663, 7
MM, 453, 667, 8
MM, 458, 672, 8
MM, 57, 0, 9
MM, 62, 5, 7
MM, 68, 8, 8
MM, 70, 11, 8
MM, 71, 14, 9
MM, 72, 15, 7
MM, 74, 17, 8
MM, 75, 20, 9
MM, 76, 21, 8
MM, 77, 22, 15
MC, 1, 264
MM, 78, 22, 32
MM, 79, 21, 8
MM, 79, 20, 8
MM, 81, 19, 9
MM, 83, 18, 7
MM, 86, 15, 8
MM, 90, 13, 8
MM, 96, 13, 9
MM, 101, 12, 7
MM, 105, 10, 8
MM, 108, 9, 8
MM, 112, 9, 9
MM, 116, 9, 7
MM, 121, 9, 8
MM, 129, 7, 8
MM, 135, 7, 9
MM, 141, 7, 22
MM, 147, 6, 2
MM, 151, 6, 1
MM, 157, 6, 7
MM, 162, 6, 8
MM, 569, 680, 8
MM, 574, 679, 8
MM, 575, 678, 8
MM, 577, 678, 8
MM, 580, 677, 8
MM, 581, 677, 8
MM, 583, 677, 8
MM, 585, 677, 8
MM, 586, 675, 8
MM, 588, 675, 16
MM, 589, 674, 8
MM, 592, 674, 8
MM, 594, 674, 8
MM, 599, 674, 8
MM, 601, 674, 8
MM, 604, 674, 7
MM, 606, 674, 8
MM, 607, 674, 9
MM, 609, 674, 8
MM, 609, 673, 96
MM, 608, 672, 8
MM, 607, 671, 7
MM, 606, 671, 9
MM, 28, 28, 8
MM, 24, 26, 8
MM, 16, 23, 8
MM, 7, 21, 8
MM, 570, 656, 7
MM, 22, 13, 8
MM, 9, 13, 8
MM, 34, 11, 8
MM, 17, 7, 9
MM, 3, 5, 8
MM, 26, 1, 8
MM, 471, 638, 8
MM, 462, 635, 8
MM, 459, 635, 8
MM, 457, 633, 7
MM, 456, 633, 9
MM, 30, 30, 8
MM, 30, 28, 16
MM, 28, 28, 24
MM, 28, 27, 32
MM, 28, 26, 16
MM, 27, 24, 23
MM, 26, 22, 16
MM, 25, 21, 25
MM, 22, 21, 8
MM, 20, 19, 8
MM, 14, 19, 7
MM, 8, 18, 9
MM, 423, 620, 7
MM, 30, 18, 9
MM, 18, 16, 8
MM, 10, 14, 8
MM, 5, 14, 8
MM, 1, 13, 8
MM, 382, 615, 7
MM, 379, 615, 9
MM, 33, 13, 8
MM, 31, 13, 8
MM, 30, 13, 8
MM, 32, 13, 87
MM, 33, 13, 16
MM, 34, 13, 24
MM, 379, 615, 25
MM, 380, 615, 7
MM, 381, 615, 8
MM, 382, 615, 8
MM, 0, 13, 8
MM, 2, 13, 8
MM, 7, 13, 8
MM, 11, 13, 8
MM, 17, 13, 8
MM, 21, 13, 8
MM, 25, 13, 8
MM, 27, 13, 8
MM, 28, 13, 8
MC, 1, 384
MM, 29, 13, 24
MM, 30, 13, 8
MM, 31, 13, 8
MM, 34, 13, 8
MM, 421, 615, 8
MM, 424, 615, 8
MM, 0, 13, 8
MM, 3, 13, 8
MM, 7, 13, 8
MM, 11, 13, 8
MM, 16, 11, 8
MM, 22, 10, 9
MM, 28, 8, 8
MM, 465, 610, 8
MM, 4, 7, 8
MM, 8, 5, 7
MM, 14, 5, 8
MM, 21, 4, 8
MM, 25, 4, 9
MM, 29, 2, 8
MM, 501, 601, 8
MM, 509, 600, 8
MM, 515, 598, 8
MM, 21, 30, 8
MM, 27, 29, 8
MM, 532, 592, 7
MM, 535, 591, 8
MM, 1, 23, 8
MM, 3, 23, 8
MM, 4, 23, 56
MM, 5, 22, 8
MM, 6, 21, 8
MM, 7, 21, 8
MM, 8, 19, 8
MM, 9, 19, 8
MM, 9, 18, 9
MM, 11, 18, 8
MM, 11, 17, 8
MM, 12, 17, 7
MM, 13, 17, 9
MM, 14, 17, 7
MM, 15, 16, 8
MM, 16, 16, 8
MM, 17, 16, 8
MM, 19, 15, 8
MM, 20, 15, 96
MM, 21, 15, 9
MM, 22, 15, 8
MM, 24, 15, 8
MM, 26, 15, 7
MM, 27, 15, 8
MM, 28, 15, 8
MM, 29, 15, 9
MM, 31, 15, 7
MM, 32, 15, 8
MM, 571, 580, 8
MM, 572, 580, 9
MM, 573, 580, 16
MM, 574, 580, 40
MM, 0, 15, 15
MM, 2, 15, 16
MM, 3, 15, 8
MM, 4, 15, 8
MM, 5, 15, 16
MM, 6, 15, 81
MC, 1, 280
MM, 6, 16, 64
MM, 6, 17, 8
MM, 6, 18, 8
MM, 6, 20, 15
MM, 6, 21, 9
MM, 5, 23, 7
MM, 3, 28, 8
MM, 1, 29, 8
MM, 573, 598, 8
MM, 25, 1, 9
MM, 20, 6, 7
MM, 17, 10, 8
MM, 14, 13, 9
MM, 14, 15, 7
MM, 13, 17, 8
MM, 12, 18, 8
MM, 12, 19, 17
MM, 12, 20, 40
MM, 12, 21, 16
MM, 12, 22, 8
MM, 12, 23, 8
MM, 12, 25, 8
MM, 12, 26, 8
MM, 12, 27, 7
MM, 12, 29, 8
MM, 12, 30, 9
MM, 557, 634, 7
MM, 557, 636, 8
MM, 557, 637, 8
MM, 23, 0, 9
MM, 22, 3, 7
MM, 22, 6, 8
MM, 20, 7, 8
MM, 20, 8, 16
MC, 1, 256
MM, 19, 8, 16
MM, 18, 8, 9
MM, 17, 8, 7
MM, 16, 8, 8
MM, 15, 8, 8
MM, 12, 8, 9
MM, 11, 6, 7
MM, 8, 5, 8
MM, 5, 4, 9
MM, 1, 4, 8
MM, 531, 640, 8
MM, 526, 638, 7
MM, 522, 637, 9
MM, 513, 633, 8
MM, 0, 28, 8
MM, 28, 24, 8
MM, 22, 21, 8
MM, 15, 17, 8
MM, 11, 16, 8
MM, 8, 15, 8
MM, 5, 13, 8
MM, 4, 13, 8
MM, 3, 12, 8
MM, 1, 11, 8
MM, 466, 612, 8
MM, 465, 611, 16
MM, 465, 609, 16
MM, 464, 608, 95
MM, 463, 608, 48
MM, 463, 607, 16
MM, 462, 607, 57
MM, 461, 607, 8
MM, 34, 5, 8
MM, 31, 5, 8
MM, 30, 5, 8
MM, 28, 5, 7
MM, 25, 6, 8
MM, 24, 6, 17
MM, 20, 9, 287
MM, 18, 10, 9
MM, 13, 12, 8
MM, 11, 15, 7
MM, 5, 15, 9
MM, 423, 617, 8
MM, 32, 15, 8
MM, 26, 15, 7
MM, 21, 15, 8
MM, 19, 15, 8
MM, 16, 15, 9
MM, 15, 15, 8
MM, 14, 15, 8
MM, 14, 14, 8
MM, 13, 14, 8
MM, 12, 14, 24
MM, 11, 14, 24
MM, 9, 14, 16
MM, 8, 14, 7
MM, 7, 14, 8
MM, 6, 14, 9
MM, 4, 14, 8
MM, 2, 14, 8
MM, 1, 14, 8
MM, 0, 14, 16
MM, 384, 616, 20
MM, 380, 616, 4
MM, 379, 616, 8
MM, 33, 14, 7
MM, 30, 14, 8
MM, 29, 14, 8
MM, 27, 14, 8
MM, 24, 14, 8
MM, 22, 14, 8
MM, 21, 14, 8
MM, 19, 14, 9
MM, 19, 13, 8
MM, 18, 13, 16
MM, 17, 13, 32
MM, 16, 13, 16
MM, 15, 13, 7
MM, 14, 13, 17
MC, 1, 184
MM, 17, 13, 15
MM, 25, 13, 9
MM, 32, 12, 7
MM, 1, 12, 8
MM, 15, 10, 8
MM, 31, 10, 8
MM, 4, 10, 8
MM, 15, 10, 8
MM, 28, 10, 8
MM, 0, 10, 9
MM, 14, 10, 8
MM, 27, 10, 9
MM, 503, 612, 7
MM, 10, 8, 8
MM, 16, 8, 8
MM, 20, 8, 8
MM, 24, 8, 8
MM, 25, 8, 8
MM, 28, 7, 8
MM, 29, 7, 15
MM, 30, 7, 9
MM, 30, 5, 8
MM, 31, 4, 16
MM, 33, 3, 8
MM, 34, 3, 8
MM, 34, 2, 8
MM, 540, 603, 8
MM, 543, 603, 8
MM, 544, 602, 8
MM, 545, 601, 8
MM, 549, 599, 8
MM, 553, 599, 8
MM, 557, 599, 8
MM, 562, 598, 8
MM, 564, 598, 8
MM, 567, 598, 8
MM, 568, 598, 8
MM, 568, 597, 96
MM, 32, 30, 23
MM, 31, 29, 24
MM, 30, 28, 16
MM, 30, 27, 16
MM, 29, 26, 16
MM, 29, 25, 9
MM, 27, 25, 7
MM, 26, 24, 9
MM, 25, 23, 16
MM, 24, 21, 16
MM, 23, 20, 7
MM, 22, 20, 9
MM, 22, 19, 7
MM, 21, 19, 17
MM, 19, 19, 7
MM, 19, 23, 257
MM, 19, 24, 8
MM, 19, 26, 8
MM, 552, 596, 8
MM, 551, 599, 7
MM, 5, 1, 8
MM, 1, 7, 9
MM, 541, 621, 7
MM, 532, 633, 8
MM, 27, 9, 8
MM, 16, 29, 8
MM, 90, 14, 8
MM, 78, 27, 8
MM, 475, 712, 8
MM, 470, 719, 9
MM, 470, 722, 8
MM, 470, 723, 16
MM, 470, 722, 120
MM, 471, 722, 23
MM, 471, 720, 89
MM, 471, 719, 32
MM, 470, 718, 16
MM, 469, 717, 16
MM, 469, 716, 8
MM, 469, 715, 8
MM, 468, 715, 8
MM, 467, 714, 8
MM, 466, 712, 8
MM, 464, 711, 15
MM, 464, 710, 9
MM, 463, 709, 23
MM, 463, 708, 8
MM, 462, 708, 9
MM, 461, 707, 8
MM, 55, 30, 15
MM, 54, 28, 17
MM, 54, 27, 40
MM, 53, 27, 8
MC, 1, 352
MM, 51, 26, 136
MM, 50, 25, 8
MM, 48, 24, 8
MM, 45, 22, 8
MM, 42, 20, 8
MM, 39, 17, 8
MM, 35, 15, 7
MM, 30, 12, 9
MM, 24, 9, 7
MM, 20, 6, 9
MM, 15, 3, 7
MM, 12, 0, 8
MM, 414, 673, 8
MM, 412, 671, 9
MM, 409, 668, 7
MM, 29, 24, 9
MM, 26, 21, 7
MM, 25, 17, 8
MM, 24, 16, 8
MM, 21, 13, 9
MM, 20, 10, 7
MM, 17, 8, 8
MM, 17, 6, 8
MM, 17, 4, 8
MM, 17, 3, 8
MM, 17, 2, 8
MM, 391, 638, 8
MM, 391, 637, 9
MM, 391, 636, 16
MM, 389, 633, 16
MM, 3, 30, 15
MM, 3, 29, 8
MM, 3, 27, 9
MM, 3, 26, 7
MM, 2, 26, 8
MM, 2, 24, 9
MM, 2, 23, 8
MM, 2, 22, 15
MM, 1, 21, 17
MM, 0, 20, 7
MM, 384, 621, 8
MM, 383, 620, 17
MM, 381, 619, 15
MM, 380, 619, 9
MM, 379, 619, 8
MM, 34, 17, 8
MM, 33, 17, 15
MM, 32, 17, 25
MM, 31, 17, 80
MM, 29, 17, 7
MM, 28, 17, 8
MM, 26, 19, 8
MM, 23, 19, 9
MM, 20, 21, 7
MM, 19, 21, 8
MM, 18, 22, 9
MM, 17, 23, 8
MC, 1, 239
MM, 20, 23, 16
MM, 21, 23, 8
MM, 25, 23, 8
MM, 29, 24, 8
MM, 379, 628, 8
MM, 2, 26, 8
MM, 11, 26, 8
MM, 21, 26, 8
MM, 30, 26, 8
MM, 0, 26, 8
MM, 10, 26, 8
MM, 19, 28, 8
MM, 30, 28, 8
MM, 464, 630, 8
MM, 1, 28, 8
MM, 6, 28, 8
MM, 14, 29, 8
MM, 485, 633, 8
MM, 488, 634, 8
MM, 491, 634, 8
MM, 492, 634, 8
MM, 493, 634, 17
MM, 494, 634, 48
MM, 495, 635, 16
MM, 496, 635, 7
MM, 497, 635, 8
MM, 499, 636, 9
MM, 500, 636, 7
MM, 502, 638, 8
MM, 503, 638, 9
MM, 12, 0, 7
MM, 14, 1, 16
MM, 15, 2, 8
MM, 18, 3, 9
MM, 20, 5, 8
MM, 23, 6, 8
MM, 26, 7, 7
MM, 28, 7, 8
MM, 30, 9, 9
MM, 31, 9, 7
MM, 33, 10, 8
MM, 529, 650, 9
MM, 530, 650, 8
MM, 0, 13, 8
MM, 1, 13, 8
MM, 4, 13, 7
MM, 6, 13, 9
MM, 7, 13, 16
MM, 8, 13, 7
MM, 10, 13, 17
MM, 10, 14, 8
MM, 11, 14, 15
MM, 12, 15, 24
MM, 13, 15, 9
MM, 13, 16, 8
MM, 14, 16, 16
MC, 1, 192
MM, 13, 16, 16
MM, 12, 16, 16
MM, 9, 16, 8
MM, 7, 16, 7
MM, 4, 14, 9
MM, 3, 14, 8
MM, 0, 13, 7
MM, 530, 651, 9
MM, 34, 10, 8
MM, 32, 10, 8
MM, 30, 9, 8
MM, 28, 8, 8
MM, 25, 6, 8
MM, 22, 5, 8
MM, 20, 4, 8
MM, 17, 2, 8
MM, 14, 0, 8
MM, 12, 0, 7
MM, 503, 637, 9
MM, 502, 637, 8
MM, 501, 636, 8
MM, 500, 636, 7
MM, 499, 635, 8
MM, 498, 634, 8
MM, 497, 634, 8
MM, 495, 633, 8
MM, 26, 30, 8
MM, 23, 27, 8
MM, 22, 26, 8
MM, 21, 24, 8
MM, 20, 24, 8
MM, 17, 24, 8
MM, 16, 23, 8
MM, 15, 22, 8
MM, 14, 21, 8
MM, 13, 21, 8
MM, 10, 20, 8
MM, 9, 19, 8
MM, 5, 16, 9
MM, 4, 16, 7
MM, 1, 13, 8
MM, 0, 13, 8
MM, 466, 614, 9
MM, 465, 614, 7
MM, 463, 614, 9
MM, 461, 613, 8
MM, 34, 11, 7
MM, 33, 11, 9
MM, 31, 10, 16
MM, 30, 10, 15
MM, 28, 10, 9
MM, 27, 10, 7
MM, 26, 10, 9
MM, 25, 10, 7
MM, 24, 10, 8
MM, 23, 10, 9
MM, 22, 10, 8
MM, 20, 10, 39
MM, 19, 10, 17
MM, 18, 10, 8
MM, 17, 10, 7
MC, 1, 241
MM, 17, 13, 24
MM, 19, 15, 8
MM, 20, 18, 8
MM, 23, 21, 8
MM, 24, 25, 8
MM, 27, 30, 7
MM, 455, 636, 9
MM, 2, 2, 8
MM, 5, 8, 8
MM, 9, 15, 8
MM, 10, 17, 8
MM, 11, 20, 8
MM, 13, 23, 8
MM, 13, 25, 7
MM, 14, 28, 9
MM, 14, 29, 7
MM, 15, 30, 9
MM, 16, 30, 8
MM, 472, 672, 8
MM, 472, 673, 8
MM, 472, 674, 312
MM, 472, 675, 15
MM, 67, 0, 8
MM, 67, 2, 8
MM, 67, 3, 8
MM, 67, 4, 8
MM, 67, 5, 8
MM, 67, 6, 24
MC, 1, 305
MM, 69, 6, 135
MM, 74, 4, 8
MM, 78, 1, 9
MM, 491, 674, 8
MM, 13, 29, 7
MM, 25, 23, 8
MM, 530, 654, 8
MM, 7, 9, 9
MM, 19, 3, 7
MM, 563, 637, 9
MM, 569, 633, 7
MM, 27, 25, 9
MM, 34, 21, 8
MM, 582, 619, 8
MM, 2, 14, 8
MM, 5, 11, 8
MM, 10, 9, 8
MM, 12, 8, 8
MM, 12, 7, 7
MM, 14, 7, 8
MM, 15, 6, 8
MM, 15, 5, 16
MM, 15, 4, 17
MM, 15, 2, 7
MM, 15, 1, 8
MM, 16, 0, 16
MM, 603, 601, 9
MM, 603, 600, 7
MM, 603, 599, 9
MM, 604, 598, 7
MM, 605, 596, 8
MM, 30, 30, 8
MM, 31, 29, 8
MM, 32, 29, 24
MM, 34, 29, 8
MM, 610, 593, 25
MM, 611, 592, 8
MM, 612, 591, 8
MM, 615, 589, 8
MM, 0, 23, 8
MM, 1, 22, 8
MM, 2, 20, 7
MM, 5, 18, 8
MM, 6, 17, 8
MM, 6, 16, 8
MM, 8, 15, 8
MM, 8, 14, 9
MM, 8, 13, 8
MM, 10, 11, 8
MM, 10, 10, 8
MM, 11, 9, 8
MC, 1, 266
MM, 9, 12, 13
MM, 7, 15, 8
MM, 4, 18, 8
MM, 1, 21, 9
MM, 613, 591, 8
MM, 607, 598, 8
MM, 603, 601, 8
MM, 10, 5, 8
MM, 1, 11, 7
MM, 580, 618, 8
MM, 30, 21, 8
MM, 21, 25, 9
MM, 12, 26, 7
MM, 553, 633, 8
MM, 551, 636, 8
MM, 549, 637, 8
MM, 546, 638, 8
MM, 12, 1, 8
MM, 11, 2, 8
MM, 10, 3, 8
MM, 9, 4, 8
MM, 6, 5, 8
MM, 5, 5, 9
MM, 2, 6, 8
MM, 0, 8, 8
MM, 533, 648, 8
MM, 530, 649, 7
MM, 529, 650, 9
MM, 528, 651, 8
MM, 32, 12, 8
MM, 31, 14, 8
MM, 29, 15, 8
MM, 28, 16, 8
MM, 26, 17, 8
MM, 24, 18, 9
MM, 24, 20, 6
MM, 21, 21, 9
MM, 20, 22, 8
MM, 18, 22, 7
MM, 17, 23, 8
MM, 16, 24, 9
MM, 14, 24, 8
MM, 13, 24, 7
MM, 12, 25, 9
MM, 11, 26, 7
MM, 10, 26, 9
MM, 7, 28, 8
MM, 6, 28, 8
MM, 5, 28, 8
MM, 4, 28, 6
MM, 1, 29, 9
MM, 0, 29, 9
MM, 492, 668, 8
MM, 491, 670, 8
MM, 490, 670, 7
MM, 489, 670, 8
MM, 488, 672, 8
MM, 486, 672, 8
MP, 1, 73
MR, 1, 120
MC, 1, 0
MM, 486, 670, 32
MM, 487, 670, 8
MM, 488, 668, 7
MM, 489, 665, 9
MM, 492, 664, 8
MM, 2, 20, 7
MM, 6, 17, 8
MM, 9, 14, 8
MM, 12, 10, 9
MM, 17, 5, 7
MM, 21, 1, 9
MM, 519, 635, 8
MM, 20, 28, 8
MM, 26, 25, 8
MM, 31, 22, 8
MM, 539, 621, 7
MM, 3, 16, 9
MM, 7, 14, 8
MM, 10, 11, 8
MM, 13, 11, 8
MM, 14, 11, 8
MM, 14, 10, 7
MM, 15, 10, 9
MM, 16, 9, 23
MM, 17, 9, 8
MM, 18, 8, 17
MM, 18, 7, 7
MM, 21, 7, 8
MM, 22, 7, 8
MM, 22, 6, 8
MM, 23, 6, 8
MM, 23, 7, 249
MM, 23, 8, 16
MM, 23, 9, 22
MM, 22, 9, 18
MC, 1, 352
MM, 22, 10, 216
MM, 20, 10, 8
MM, 19, 10, 24
MM, 19, 11, 8
MM, 19, 13, 15
MM, 18, 13, 16
MM, 18, 14, 33
MM, 17, 14, 8
MM, 16, 15, 7
MM, 16, 16, 8
MM, 16, 17, 17
MM, 17, 18, 7
MM, 23, 18, 8
MM, 31, 18, 8
MM, 583, 618, 9
MM, 5, 16, 7
MM, 19, 14, 8
MM, 25, 13, 8
MM, 617, 613, 9
MM, 1, 6, 8
MM, 8, 3, 8
MM, 638, 601, 7
MM, 642, 598, 8
MM, 647, 594, 8
MM, 649, 591, 8
MM, 652, 588, 8
MM, 2, 20, 9
MM, 7, 19, 7
MM, 17, 15, 8
MM, 29, 11, 8
MM, 4, 9, 9
MM, 23, 9, 7
MM, 735, 572, 9
MM, 759, 572, 8
MM, 783, 570, 8
MM, 802, 570, 7
MM, 815, 570, 9
MM, 832, 570, 8
MM, 845, 568, 8
MM, 856, 566, 8
MM, 867, 566, 8
MM, 874, 565, 7
MM, 876, 563, 9
MM, 879, 563, 7
MM, 880, 563, 8
MM, 881, 563, 8
MM, 881, 562, 9
MM, 881, 561, 144
MM, 881, 560, 24
MM, 881, 559, 24
MM, 881, 558, 16
MM, 881, 556, 8
MM, 881, 555, 8
MM, 830, 566, 416
MM, 821, 569, 7
MM, 807, 575, 8
MM, 794, 586, 8
MM, 775, 590, 9
MM, 756, 596, 7
MM, 736, 605, 8
MM, 714, 611, 9
MM, 30, 14, 8
MM, 8, 20, 8
MM, 31, 29, 8
MM, 637, 635, 7
MM, 8, 2, 9
MM, 614, 643, 7
MM, 27, 9, 9
MM, 19, 11, 8
MM, 8, 11, 7
MM, 574, 652, 9
MM, 32, 13, 8
MM, 26, 14, 8
MM, 17, 18, 7
MM, 10, 21, 9
MM, 4, 21, 8
MM, 0, 23, 7
MM, 531, 663, 8
MM, 34, 27, 9
MM, 31, 30, 7
MM, 522, 672, 9
MM, 521, 673, 8
MM, 520, 673, 16
MM, 519, 673, 15
MM, 519, 674, 8
MM, 518, 674, 16
MM, 518, 675, 16
MM, 517, 675, 16
MM, 112, 0, 8
MM, 112, 1, 17
MM, 112, 3, 16
MM, 110, 3, 7
MM, 110, 4, 17
MM, 110, 5, 24
MM, 110, 6, 16
MM, 109, 6, 20
MC, 1, 301
MM, 109, 3, 7
MM, 109, 2, 8
MM, 514, 674, 7
MM, 516, 670, 8
MM, 26, 27, 8
MM, 30, 20, 9
MM, 32, 16, 8
MM, 528, 650, 8
MM, 531, 646, 8
MM, 2, 2, 7
MM, 539, 637, 8
MM, 542, 634, 8
MM, 543, 629, 8
MM, 1, 24, 8
MM, 1, 22, 8
MM, 4, 21, 8
MM, 5, 19, 8
MM, 6, 17, 8
MM, 6, 16, 16
MM, 7, 16, 8
MM, 9, 16, 16
MM, 9, 15, 8
MM, 10, 14, 8
MM, 12, 14, 8
MM, 13, 14, 8
MM, 16, 14, 8
MM, 18, 14, 8
MM, 23, 12, 8
MM, 24, 11, 8
MM, 25, 8, 8
MM, 26, 7, 8
MM, 29, 7, 8
MM, 30, 6, 8
MM, 32, 5, 8
MM, 33, 4, 8
MM, 580, 606, 24
MM, 580, 605, 8
MM, 34, 3, 137
MM, 33, 3, 24
MM, 32, 3, 7
MM, 31, 4, 8
MM, 31, 5, 8
MM, 30, 5, 8
MM, 29, 6, 8
MM, 29, 7, 8
MM, 26, 7, 8
MM, 25, 8, 8
MM, 25, 10, 8
MM, 24, 11, 8
MM, 23, 11, 8
MM, 22, 12, 17
MM, 21, 12, 16
MC, 1, 183
MM, 19, 12, 56
MM, 18, 13, 9
MM, 17, 14, 8
MM, 15, 15, 7
MM, 12, 17, 8
MM, 9, 20, 8
MM, 7, 20, 9
MM, 4, 20, 8
MM, 1, 20, 8
MM, 544, 622, 7
MM, 540, 622, 8
MM, 33, 20, 8
MM, 29, 20, 9
MM, 22, 17, 7
MM, 16, 16, 8
MM, 8, 16, 8
MM, 2, 16, 9
MM, 498, 618, 7
MM, 20, 16, 9
MM, 11, 14, 7
MM, 1, 14, 9
MM, 33, 14, 7
MM, 29, 14, 9
MM, 23, 14, 7
MM, 21, 14, 9
MM, 18, 14, 7
MM, 15, 14, 9
MM, 14, 14, 8
MM, 13, 14, 8
MM, 12, 14, 8
MM, 11, 14, 8
MM, 10, 14, 55
MM, 9, 14, 8
MM, 7, 14, 17
MM, 6, 14, 7
MM, 5, 14, 17
MM, 4, 13, 8
MM, 2, 13, 16
MM, 1, 13, 8
MM, 425, 615, 8
MM, 423, 615, 7
MM, 420, 614, 8
MM, 33, 12, 8
MM, 30, 12, 9
MM, 29, 10, 7
MM, 25, 10, 8
MM, 21, 9, 8
MM, 16, 9, 9
MM, 12, 9, 7
MM, 8, 8, 8
MM, 4, 8, 8
MM, 384, 610, 9
MM, 380, 610, 8
MM, 32, 8, 8
MM, 27, 8, 7
MM, 26, 8, 9
MM, 24, 8, 8
MM, 21, 8, 8
MM, 20, 8, 8
MM, 19, 8, 8
MM, 18, 8, 8
MM, 16, 8, 6
MM, 14, 8, 9
MM, 13, 8, 8
MM, 12, 8, 8
MM, 11, 8, 8
MM, 9, 8, 8
MM, 7, 8, 9
MM, 6, 8, 7
MM, 5, 8, 8
MM, 4, 8, 17
MM, 5, 8, 271
MM, 8, 8, 8
MM, 9, 9, 16
MM, 9, 10, 9
MM, 11, 10, 7
MM, 12, 10, 25
MM, 14, 11, 16
MM, 15, 11, 16
MM, 16, 12, 23
MM, 17, 12, 80
MC, 1, 225
MM, 18, 12, 24
MM, 19, 12, 7
MM, 22, 11, 9
MM, 26, 9, 7
MM, 32, 8, 8
MM, 2, 6, 8
MM, 14, 4, 8
MM, 25, 4, 8
MM, 2, 2, 8
MM, 18, 2, 8
MM, 461, 602, 8
MM, 12, 0, 8
MM, 28, 0, 8
MM, 502, 600, 8
MM, 508, 600, 9
MM, 510, 600, 8
MM, 511, 600, 88
MM, 511, 599, 7
MM, 512, 599, 8
MM, 512, 598, 8
MM, 514, 598, 9
MM, 515, 598, 8
MM, 515, 596, 8
MM, 516, 596, 8
MM, 517, 596, 8
MM, 19, 30, 7
MM, 20, 30, 16
MM, 20, 28, 9
MM, 20, 27, 111
MM, 20, 26, 32
MM, 18, 26, 225
MM, 17, 26, 7
MM, 16, 27, 9
MM, 14, 29, 7
MM, 13, 29, 9
MM, 12, 29, 7
MM, 8, 29, 8
MM, 7, 29, 8
MM, 5, 29, 9
MM, 2, 29, 7
MM, 497, 594, 8
MM, 494, 594, 8
MM, 29, 29, 8
MM, 25, 29, 8
MM, 19, 28, 8
MM, 14, 27, 8
MM, 10, 27, 9
MM, 6, 27, 7
MM, 2, 27, 8
MM, 458, 592, 8
MM, 34, 27, 9
MM, 30, 27, 7
MM, 25, 27, 8
MM, 21, 25, 9
MM, 18, 25, 8
MM, 17, 24, 8
MM, 15, 23, 7
MM, 14, 23, 8
MM, 13, 23, 9
MM, 11, 23, 16
MM, 10, 23, 23
MM, 9, 23, 24
MC, 1, 289
MM, 8, 27, 32
MM, 9, 28, 8
MM, 9, 30, 8
MM, 432, 598, 8
MM, 8, 1, 8
MM, 11, 3, 8
MM, 15, 8, 8
MM, 20, 13, 8
MM, 23, 19, 8
MM, 31, 29, 8
MM, 460, 635, 7
MM, 9, 3, 8
MM, 12, 7, 8
MM, 15, 16, 8
MM, 19, 22, 9
MM, 22, 27, 7
MM, 477, 670, 8
MM, 480, 675, 9
MM, 75, 1, 8
MM, 77, 6, 8
MM, 78, 8, 8
MM, 78, 11, 8
MM, 78, 12, 8
MM, 79, 12, 8
MM, 79, 13, 8
MM, 79, 14, 8
MM, 79, 15, 96
MM, 85, 14, 351
MM, 90, 12, 8
MM, 93, 10, 9
MM, 97, 8, 8
MM, 102, 5, 7
MM, 106, 4, 9
MM, 110, 1, 8
MM, 522, 675, 7
MM, 528, 674, 8
MM, 537, 670, 8
MM, 541, 670, 9
MM, 11, 29, 8
MM, 14, 28, 7
MM, 17, 28, 8
MM, 17, 27, 8
MM, 18, 26, 8
MM, 19, 26, 8
MM, 19, 25, 33
MM, 20, 24, 15
MM, 21, 24, 17
MM, 22, 24, 8
MM, 24, 22, 7
MM, 25, 22, 9
MM, 27, 22, 7
MM, 28, 21, 9
MM, 31, 21, 7
MM, 33, 21, 8
MM, 34, 20, 8
MM, 34, 19, 32
MM, 570, 658, 17
MM, 570, 657, 16
MM, 570, 656, 31
MM, 571, 656, 16
MM, 571, 655, 16
MM, 572, 655, 16
MM, 573, 655, 32
MM, 574, 655, 16
MM, 0, 16, 57
MM, 1, 16, 16
MM, 4, 16, 7
MM, 5, 16, 8
MM, 6, 16, 9
MM, 7, 16, 15
MM, 8, 16, 72
MM, 9, 16, 56
MC, 1, 265
MM, 11, 16, 15
MM, 11, 14, 9
MM, 13, 14, 8
MM, 17, 13, 7
MM, 22, 11, 9
MM, 26, 9, 8
MM, 33, 5, 8
MM, 614, 644, 8
MM, 2, 4, 8
MM, 6, 4, 7
MM, 12, 4, 9
MM, 17, 2, 7
MM, 19, 1, 8
MM, 20, 0, 8
MM, 643, 637, 9
MM, 644, 637, 7
MM, 645, 636, 9
MM, 645, 635, 8
MM, 645, 634, 7
MM, 646, 633, 8
MM, 24, 30, 8
MM, 24, 29, 8
MM, 24, 27, 9
MM, 26, 26, 7
MM, 27, 25, 9
MM, 28, 23, 8
MM, 31, 21, 8
MM, 32, 20, 7
MM, 33, 19, 9
MM, 657, 620, 7
MM, 657, 618, 9
MM, 658, 618, 7
MM, 658, 616, 8
MM, 659, 615, 9
MM, 661, 614, 8
MM, 661, 613, 7
MM, 662, 613, 8
MM, 662, 612, 9
MM, 662, 611, 16
MM, 662, 610, 16
MM, 662, 608, 16
MM, 662, 607, 8
MM, 662, 606, 16
MM, 662, 605, 8
MM, 0, 2, 16
MM, 0, 1, 8
MM, 0, 0, 8
MM, 1, 0, 8
MM, 664, 600, 7
MM, 664, 598, 17
MM, 665, 598, 8
MM, 666, 597, 7
MM, 13, 29, 8
MM, 13, 28, 17
MM, 13, 27, 16
MM, 14, 27, 7
MM, 14, 26, 9
MM, 14, 24, 20
MM, 14, 22, 1
MM, 14, 21, 2
MM, 15, 20, 9
MM, 15, 18, 7
MM, 15, 17, 8
MM, 15, 16, 8
MM, 17, 16, 9
MM, 18, 14, 7
MM, 19, 13, 17
MC, 1, 223
MM, 19, 16, 40
MM, 19, 17, 8
MM, 17, 20, 8
MM, 15, 21, 8
MM, 13, 25, 9
MM, 10, 28, 7
MM, 661, 596, 9
MM, 658, 600, 8
MM, 30, 3, 8
MM, 23, 8, 8
MM, 20, 11, 8
MM, 17, 14, 7
MM, 13, 17, 9
MM, 8, 20, 7
MM, 5, 23, 8
MM, 3, 24, 8
MM, 0, 27, 9
MM, 622, 630, 8
MM, 619, 631, 8
MM, 617, 633, 8
MM, 614, 634, 8
MM, 611, 636, 7
MM, 608, 637, 8
MM, 32, 1, 8
MM, 28, 1, 9
MM, 25, 2, 8
MM, 22, 2, 8
MM, 20, 3, 8
MM, 15, 3, 8
MM, 11, 3, 8
MM, 7, 5, 8
MM, 1, 5, 8
MM, 571, 644, 8
MM, 33, 5, 8
MM, 32, 5, 8
MM, 30, 5, 7
MM, 28, 5, 8
MM, 27, 5, 8
MM, 26, 5, 24
MM, 25, 5, 8
MM, 24, 5, 8
MM, 23, 5, 161
MM, 22, 6, 8
MM, 22, 7, 8
MM, 21, 8, 7
MM, 19, 8, 8
MM, 19, 9, 8
MM, 18, 9, 8
MM, 18, 10, 24
MM, 17, 10, 25
MC, 1, 169
MM, 16, 10, 55
MM, 12, 10, 8
MM, 6, 10, 8
MM, 2, 10, 7
MM, 528, 649, 9
MM, 16, 7, 7
MM, 2, 5, 9
MM, 25, 3, 7
MM, 14, 3, 9
MM, 5, 0, 7
MM, 450, 637, 9
MM, 444, 635, 7
MM, 11, 30, 9
MM, 5, 30, 7
MM, 1, 29, 9
MM, 423, 629, 7
MM, 420, 626, 8
MM, 32, 23, 9
MM, 31, 22, 8
MM, 31, 21, 39
MM, 31, 19, 25
MM, 31, 18, 24
MM, 31, 17, 24
MM, 31, 16, 16
MM, 31, 15, 23
MM, 31, 14, 16
MM, 31, 13, 17
MM, 32, 12, 15
MM, 33, 12, 9
MM, 34, 10, 7
MM, 421, 612, 8
MM, 422, 611, 17
MM, 424, 611, 7
MM, 425, 611, 8
MM, 0, 9, 17
MM, 2, 9, 7
MM, 3, 9, 9
MM, 4, 8, 16
MM, 6, 8, 7
MM, 7, 8, 17
MM, 8, 8, 8
MM, 10, 8, 167
MM, 11, 8, 9
MM, 12, 9, 8
MM, 13, 9, 24
MC, 1, 151
MM, 12, 9, 17
MM, 9, 9, 8
MM, 7, 9, 7
MM, 6, 9, 8
MM, 3, 9, 9
MM, 1, 9, 8
MM, 422, 611, 7
MM, 33, 9, 8
MM, 29, 9, 8
MM, 23, 9, 8
MM, 15, 9, 8
MM, 9, 9, 9
MM, 3, 9, 7
MM, 382, 611, 8
MM, 34, 9, 8
MM, 31, 9, 9
MM, 28, 9, 7
MM, 27, 9, 16
MM, 26, 9, 57
MC, 1, 311
MM, 29, 8, 57
MM, 33, 8, 7
MM, 381, 610, 8
MM, 1, 8, 8
MM, 5, 8, 9
MM, 9, 6, 7
MM, 15, 5, 8
MM, 18, 2, 8
MM, 24, 2, 9
MM, 30, 0, 7
MM, 420, 601, 8
MM, 426, 599, 8
MM, 432, 599, 8
MM, 438, 599, 8
MM, 444, 599, 8
MM, 447, 598, 8
MM, 449, 597, 8
MM, 452, 597, 8
MM, 453, 596, 8
MM, 454, 596, 8
MM, 455, 594, 8
MM, 456, 593, 8
MM, 459, 592, 8
MM, 2, 27, 8
MM, 6, 27, 8
MM, 11, 27, 8
MM, 15, 26, 8
MM, 19, 26, 8
MM, 22, 24, 8
MM, 28, 25, 8
MM, 31, 25, 8
MM, 494, 590, 8
MM, 1, 25, 9
MM, 6, 25, 7
MM, 10, 25, 8
MM, 14, 25, 8
MM, 18, 25, 8
MM, 24, 25, 8
MM, 30, 25, 9
MM, 534, 590, 8
MM, 0, 25, 8
MM, 3, 25, 8
MM, 4, 25, 15
MM, 6, 25, 9
MM, 7, 25, 7
MM, 9, 25, 9
MM, 10, 25, 7
MM, 11, 23, 8
MM, 12, 23, 9
MM, 14, 23, 8
MM, 16, 23, 8
MM, 18, 23, 8
MM, 19, 23, 7
MM, 19, 22, 16
MM, 20, 22, 16
MM, 20, 21, 8
MM, 21, 21, 9
MM, 23, 21, 7
MM, 25, 21, 8
MM, 26, 21, 8
MM, 27, 21, 9
MM, 28, 21, 8
MC, 1, 304
MM, 27, 21, 56
MM, 26, 21, 80
MM, 25, 22, 15
MM, 24, 22, 8
MM, 21, 24, 8
MM, 20, 25, 8
MM, 18, 26, 8
MM, 15, 29, 8
MM, 10, 30, 8
MM, 542, 598, 8
MM, 29, 0, 8
MM, 20, 3, 8
MM, 12, 5, 8
MM, 3, 5, 8
MM, 501, 607, 8
MM, 30, 5, 8
MM, 28, 5, 8
MM, 23, 8, 8
MM, 21, 8, 8
MM, 18, 8, 8
MM, 15, 8, 8
MM, 13, 8, 9
MM, 10, 8, 7
MM, 8, 8, 9
MM, 7, 8, 7
MM, 4, 8, 9
MM, 2, 8, 7
MM, 466, 610, 8
MM, 463, 610, 9
MM, 461, 610, 8
MM, 32, 8, 8
MM, 28, 8, 7
MM, 26, 8, 9
MM, 21, 8, 7
MM, 19, 8, 9
MM, 16, 8, 8
MM, 14, 8, 8
MM, 11, 8, 8
MM, 10, 8, 8
MM, 7, 6, 8
MM, 6, 6, 8
MM, 4, 6, 8
MM, 3, 5, 8
MM, 1, 5, 8
MM, 425, 607, 7
MM, 424, 607, 8
MM, 421, 607, 8
MM, 34, 5, 8
MM, 30, 5, 8
MM, 27, 5, 8
MM, 24, 5, 8
MM, 20, 5, 8
MM, 18, 5, 20
MM, 16, 5, 2
MM, 15, 5, 2
MM, 14, 5, 16
MM, 13, 5, 16
MM, 12, 5, 16
MM, 11, 5, 8
MM, 10, 5, 40
MM, 10, 7, 192
MC, 1, 201
MM, 11, 7, 144
MM, 11, 8, 127
MM, 12, 9, 16
MM, 13, 9, 8
MM, 16, 10, 16
MM, 18, 12, 8
MM, 21, 13, 9
MM, 24, 14, 8
MM, 27, 16, 7
MM, 31, 19, 8
MM, 421, 622, 9
MM, 5, 24, 8
MM, 14, 27, 8
MM, 449, 633, 8
MM, 12, 0, 8
MM, 21, 2, 8
MM, 489, 645, 8
MM, 12, 8, 8
MM, 23, 10, 8
MM, 530, 649, 8
MM, 9, 12, 8
MM, 23, 12, 8
MM, 571, 653, 8
MM, 4, 14, 8
MM, 15, 14, 8
MM, 26, 14, 8
MM, 32, 15, 8
MM, 618, 654, 8
MM, 4, 15, 8
MM, 10, 15, 8
MM, 18, 15, 7
MM, 24, 15, 8
MM, 651, 654, 8
MM, 0, 15, 9
MM, 8, 15, 7
MM, 14, 15, 9
MM, 20, 15, 8
MM, 25, 15, 8
MM, 29, 15, 7
MM, 689, 654, 9
MM, 691, 654, 7
MM, 694, 654, 9
MM, 695, 654, 7
MM, 696, 654, 17
MM, 697, 654, 8
MM, 698, 654, 7
MM, 701, 654, 17
MM, 703, 654, 7
MM, 706, 654, 8
MM, 708, 654, 9
MM, 713, 654, 7
MM, 715, 654, 8
MM, 718, 654, 9
MM, 719, 653, 8
MM, 720, 653, 7
MM, 721, 653, 9
MM, 720, 653, 102
MM, 719, 653, 9
MM, 718, 653, 8
MM, 714, 653, 8
MM, 709, 653, 8
MM, 705, 653, 8
MM, 699, 655, 8
MM, 690, 656, 8
MM, 27, 17, 8
MM, 23, 17, 8
MM, 19, 17, 8
MM, 14, 17, 8
MM, 12, 17, 8
MM, 9, 17, 8
MM, 8, 17, 8
MM, 6, 17, 9
MM, 5, 17, 16
MM, 4, 16, 23
MM, 2, 16, 72
MM, 3, 16, 281
MM, 4, 16, 8
MM, 5, 16, 7
MM, 6, 17, 8
MM, 8, 17, 8
MM, 9, 17, 8
MM, 11, 17, 8
MM, 12, 17, 8
MM, 13, 17, 8
MC, 1, 249
MM, 14, 17, 32
MM, 17, 16, 7
MM, 21, 14, 8
MM, 27, 13, 9
MM, 691, 648, 8
MM, 697, 647, 7
MM, 706, 645, 8
MM, 710, 642, 8
MM, 714, 641, 9
MM, 719, 639, 7
MM, 725, 639, 8
MM, 729, 638, 8
MM, 734, 638, 9
MM, 736, 638, 8
MM, 739, 638, 8
MM, 740, 638, 8
MM, 742, 638, 8
MM, 743, 638, 7
MM, 746, 638, 8
MM, 748, 638, 9
MM, 751, 638, 8
MM, 753, 638, 8
MM, 756, 638, 8
MM, 760, 638, 8
MM, 761, 638, 8
MM, 764, 636, 8
MM, 766, 636, 8
MM, 769, 636, 7
MM, 772, 636, 8
MM, 774, 636, 8
MM, 3, 20, 8
MM, 4, 20, 8
MM, 6, 20, 9
MM, 9, 20, 7
MM, 10, 20, 8
MM, 12, 20, 8
MM, 13, 20, 8
MM, 14, 20, 8
MM, 16, 20, 16
MM, 16, 19, 48
MM, 17, 19, 8
MM, 17, 17, 8
MM, 18, 17, 9
